1341846314.862145 0.038937494 0.001404635 0.000998895 -0.003752954 0.073076800 0.015645461 0.997186899
1341846315.129851 0.049400549 0.001813661 0.000881515 -0.009202711 0.084338456 0.025563588 0.996061862
1341846315.161941 0.050093159 0.005608327 0.000811236 -0.008827534 0.084390290 0.026531011 0.996035576
1341846315.197984 0.046357498 0.004669519 -0.000566735 -0.015979065 0.081892580 0.025129782 0.996196151
1341846315.230076 0.051919542 0.004506535 0.000283192 -0.019872721 0.080420837 0.021000409 0.996336758
1341846315.262069 0.051298864 0.004547043 0.000500586 -0.022762457 0.078688785 0.022536043 0.996379673
1341846315.298000 0.048706360 0.003401205 0.000676081 -0.025612127 0.074233912 0.025996048 0.996568084
1341846315.329931 0.052962888 0.002036403 0.003096650 -0.023166833 0.070944063 0.026983056 0.996846139
1341846315.361981 0.051460765 0.001565175 0.003543079 -0.017615587 0.070568889 0.030038973 0.996898890
1341846315.397962 0.055099096 0.002865150 0.003544280 -0.014437927 0.069764897 0.033109583 0.996909320
1341846315.429923 0.056382857 0.003199569 0.003758946 -0.011393166 0.071191043 0.035501793 0.996765614
1341846315.466047 0.057506196 0.004595694 0.004445385 -0.009474387 0.074627899 0.036338490 0.996504128
1341846315.497883 0.057890132 0.004651594 0.004207053 -0.010427115 0.077616245 0.040506251 0.996105552
1341846315.530008 0.058039263 0.004549256 0.003681831 -0.010443456 0.078980386 0.041485168 0.995957851
1341846315.566108 0.058314074 0.004600931 0.002661797 -0.011215945 0.080478616 0.042079717 0.995804548
1341846315.597986 0.059522260 0.003545281 0.000455652 -0.012238340 0.081260070 0.042298906 0.995719731
1341846315.630109 0.059571460 0.003219940 0.001233893 -0.012429309 0.082515940 0.041411214 0.995651424
1341846315.666042 0.059875514 0.004541227 -0.001306999 -0.012357549 0.084044874 0.040213123 0.995573521
1341846315.698114 0.060431387 0.005860579 -0.002554376 -0.016505694 0.087057009 0.038466532 0.995323539
1341846315.733985 0.059224091 0.003488012 -0.000191956 -0.021090945 0.090820774 0.039892040 0.994844377
1341846315.766041 0.058153957 0.003302131 -0.001016587 -0.020797689 0.089139529 0.040174033 0.994991302
1341846315.798188 0.058848634 0.003840182 0.001041310 -0.021441899 0.087596036 0.040419862 0.995104730
1341846315.834140 0.058455531 0.002524794 0.000518843 -0.021212915 0.090211563 0.038689472 0.994944692
1341846315.866751 0.058328900 0.002118989 -0.000329259 -0.019161889 0.091762222 0.038362697 0.994857192
1341846315.898492 0.056392901 0.002029397 0.000260305 -0.017817609 0.093663573 0.036569826 0.994772494
1341846315.936901 0.056677580 0.001320806 0.001329744 -0.015662855 0.094555967 0.036890682 0.994712472
1341846315.966572 0.055155989 0.000730832 -0.000017505 -0.012431471 0.096751213 0.035214670 0.994607747
1341846316.002119 0.054264866 0.001207066 0.000360611 -0.010159696 0.096693628 0.034471460 0.994665205
1341846316.034204 0.053539559 0.000782981 0.000375087 -0.008776944 0.096870683 0.034651615 0.994654894
1341846316.066113 0.051723443 -0.000376294 -0.000426535 -0.006997081 0.097995013 0.033387706 0.994602084
1341846316.101867 0.049694326 0.000821210 -0.000952988 -0.004721624 0.097435258 0.033865981 0.994654298
1341846316.134066 0.047618583 0.001165000 -0.000089847 -0.005471719 0.095302269 0.032292981 0.994909406
1341846316.169952 0.046715815 0.000129793 0.000074823 -0.006296842 0.093123280 0.029068245 0.995210230
1341846316.202049 0.045354486 -0.000585503 0.000026981 -0.006149638 0.090782031 0.027570063 0.995470107
1341846316.233979 0.045115840 0.000030224 0.000212320 -0.005364310 0.089307614 0.026167693 0.995645821
1341846316.270052 0.044775985 -0.000222262 -0.001248077 -0.006752374 0.089912198 0.023306964 0.995654047
1341846316.301915 0.043540891 -0.001103407 0.001585928 -0.006859158 0.091578320 0.021612456 0.995539665
1341846316.334208 0.041205440 -0.001701232 0.000556299 -0.005691914 0.091851771 0.022143742 0.995510221
1341846316.370006 0.040705238 -0.001462321 0.001227768 -0.003380168 0.090174101 0.022979021 0.995655119
1341846316.401994 0.039558690 -0.001999506 -0.001234362 -0.002116250 0.089670509 0.025555003 0.995641351
1341846316.438069 0.038285613 -0.002667447 -0.000428929 -0.000131000 0.089556754 0.026709018 0.995623529
1341846316.470076 0.037175588 -0.003286588 0.000227705 0.004167414 0.089045450 0.030398661 0.995554805
1341846316.502034 0.034875419 -0.001275191 -0.002526646 0.007106453 0.087475993 0.031006366 0.995658576
1341846316.537975 0.034261193 -0.000032948 0.000081078 0.005346604 0.084141240 0.030715950 0.995965958
1341846316.570121 0.032980703 -0.001943585 0.001173471 0.004145273 0.084229209 0.027600693 0.996055484
1341846316.601885 0.031821791 -0.002869742 0.000402191 0.005642202 0.083791032 0.026339475 0.996119201
1341846316.638009 0.029972924 -0.003637923 -0.000420505 0.007564011 0.083052404 0.027210014 0.996144950
1341846316.669925 0.029060947 -0.003914170 0.000123315 0.009931530 0.082294747 0.027571131 0.996177077
1341846316.705941 0.027365342 -0.005072132 -0.001011458 0.013752892 0.083127022 0.027003741 0.996078074
1341846316.738062 0.025995418 -0.003340408 -0.000308913 0.016871419 0.082727358 0.030594803 0.995959580
1341846316.770433 0.025658792 -0.003059541 -0.001530670 0.015871903 0.081162944 0.032352842 0.996049166
1341846316.805932 0.023951918 -0.004908938 -0.000574171 0.015493642 0.081862926 0.031183988 0.996035099
1341846316.838029 0.021075789 -0.003387068 -0.000148967 0.017980030 0.081670284 0.030473543 0.996031165
1341846316.870034 0.018619835 -0.004679549 -0.000901573 0.017667927 0.079109527 0.031303938 0.996217608
1341846316.906344 0.018118540 -0.004772517 0.000025333 0.018542580 0.075651415 0.031879805 0.996452034
1341846316.937940 0.017694172 -0.004039288 -0.000191555 0.018969826 0.073940150 0.028861446 0.996664464
1341846316.973994 0.015409653 -0.004389753 -0.000661821 0.017919235 0.073162377 0.027442481 0.996781349
1341846317.005913 0.014189011 -0.004600308 -0.000108761 0.016737262 0.070382342 0.029518317 0.996942759
1341846317.037936 0.013243214 -0.005137468 0.001450999 0.017035937 0.067857832 0.028629063 0.997138619
1341846317.073972 0.012177367 -0.005598632 0.001227700 0.017909799 0.066156633 0.028791752 0.997232974
1341846317.106113 0.009939931 -0.006760166 0.000409931 0.019738432 0.065315910 0.032381438 0.997143745
1341846317.137887 0.006709592 -0.006904878 -0.000644784 0.023002807 0.060310096 0.036028914 0.997263968
1341846317.173970 0.006086498 -0.005235530 0.001674635 0.025187427 0.053214267 0.038044635 0.997540176
1341846317.205887 0.006419528 -0.005567000 0.002039491 0.025007337 0.049432732 0.039553270 0.997680604
1341846317.248131 0.004006063 -0.006432616 0.000339563 0.025722530 0.047494266 0.041188125 0.997690439
1341846317.273950 0.003250030 -0.005770585 0.001337647 0.027406275 0.043081846 0.043547276 0.997745693
1341846317.306289 0.003274421 -0.005614285 0.002834700 0.027740758 0.040513821 0.045536187 0.997755229
1341846317.348137 0.002692335 -0.006478044 0.001454401 0.028634187 0.041502252 0.046666786 0.997637153
1341846317.373974 0.000324198 -0.005841748 0.002033916 0.030426385 0.043490268 0.049305767 0.997372448
1341846317.410120 -0.000927446 -0.005315128 0.004497164 0.031203935 0.042370144 0.051284738 0.997296810
1341846317.442569 -0.000903135 -0.006827618 0.005520716 0.033090074 0.042203803 0.054043587 0.997097373
1341846317.474010 -0.002707611 -0.007665045 0.002686674 0.038077116 0.042608827 0.057778303 0.996692657
1341846317.509927 -0.005334533 -0.006155894 0.003599796 0.041741244 0.041771479 0.060017567 0.996449053
1341846317.542282 -0.006439187 -0.004900405 0.003681582 0.041770253 0.039004594 0.061045282 0.996497571
1341846317.573943 -0.006147781 -0.006572055 0.003541655 0.040679563 0.039196938 0.060854204 0.996546805
1341846317.610159 -0.008125831 -0.007290849 0.003774281 0.042995423 0.041728497 0.061112341 0.996330976
1341846317.643553 -0.010708817 -0.006649346 0.002507547 0.045701742 0.041795138 0.063617565 0.996050835
1341846317.677993 -0.012811098 -0.007707979 0.002707567 0.045737073 0.039350048 0.065445967 0.996030390
1341846317.709996 -0.013310805 -0.007725627 0.004263443 0.048519935 0.036420137 0.065534785 0.996004283
1341846317.741834 -0.014344081 -0.005566359 0.005402230 0.049826048 0.035331976 0.065028809 0.996012151
1341846317.777923 -0.016735289 -0.006178395 0.003884753 0.047574740 0.034844413 0.064072527 0.996201396
1341846317.810021 -0.018073160 -0.006935933 0.003587786 0.046979420 0.033387527 0.062323075 0.996390522
1341846317.841886 -0.019856317 -0.006111181 0.001941383 0.046560038 0.032684907 0.060359754 0.996554375
1341846317.878017 -0.021294491 -0.005768270 0.002589335 0.044355895 0.032831814 0.057037178 0.996845722
1341846317.909910 -0.021705380 -0.006280208 0.003773431 0.043373924 0.033907667 0.053002439 0.997075617
1341846317.946031 -0.024693159 -0.007218827 0.004261346 0.044120237 0.035878539 0.053219065 0.996962309
1341846317.978041 -0.025189199 -0.007901779 0.003987964 0.045925930 0.033965435 0.055304281 0.996834278
1341846318.009897 -0.026043881 -0.007251915 0.004269444 0.048774153 0.034502491 0.052848861 0.996813774
1341846318.045949 -0.027628127 -0.006551280 0.004420201 0.049226779 0.035716314 0.052105617 0.996787906
1341846318.078074 -0.030363478 -0.006523081 0.005883405 0.048642371 0.035576064 0.050918724 0.996882915
1341846318.109894 -0.198148355 -0.033452738 -0.066895045 0.042558692 0.093218386 0.033677436 0.994165421
1341846318.145957 -0.199353576 -0.033142593 -0.067500189 0.041757889 0.091391973 0.030180547 0.994481266
1341846318.178001 -0.023626827 -0.006408814 0.006166878 0.046598230 0.027793249 0.042547137 0.997620106
1341846318.214074 -0.201750383 -0.033930328 -0.063767329 0.041405875 0.090241797 0.027098805 0.994689703
1341846318.245970 -0.205447286 -0.036302846 -0.065069862 0.043488164 0.085168734 0.029238135 0.994987547
1341846318.278018 -0.207825497 -0.036180243 -0.064945981 0.047333065 0.080942512 0.028438136 0.995187998
1341846318.313937 -0.211769894 -0.035875157 -0.064945191 0.048963465 0.076292343 0.026658049 0.995525718
1341846318.345989 -0.214562401 -0.036383942 -0.065023452 0.050061442 0.068165213 0.025507385 0.996090710
1341846318.382046 -0.216150820 -0.036510114 -0.066936210 0.051934108 0.060864467 0.024456041 0.996493995
1341846318.414072 -0.219923869 -0.037476912 -0.068065748 0.052853297 0.055334065 0.024735363 0.996761203
1341846318.446035 -0.219574377 -0.037894398 -0.069077715 0.054869529 0.047960147 0.025384719 0.997017980
1341846318.482196 -0.221417174 -0.037233949 -0.069684535 0.056350835 0.046242192 0.024736080 0.997032762
1341846318.514144 -0.224518046 -0.037364870 -0.069577858 0.056033049 0.045870580 0.023974843 0.997086465
1341846318.546259 -0.224089324 -0.038703389 -0.071082301 0.057591669 0.043549802 0.025617769 0.997060895
1341846318.582042 -0.225245997 -0.036825731 -0.070029169 0.059745975 0.043493874 0.025046239 0.996951044
1341846318.614115 -0.035880815 -0.006787781 0.004938904 0.066731706 -0.021672562 0.038277213 0.996800900
1341846318.650038 -0.229022145 -0.037470046 -0.070602439 0.058281817 0.042840112 0.022094464 0.997135818
1341846318.682350 -0.232041463 -0.036708236 -0.068986990 0.058019556 0.043781705 0.019104311 0.997171998
1341846318.714063 -0.234103531 -0.037046231 -0.068244979 0.057382632 0.043378156 0.018704250 0.997234046
1341846318.749905 -0.042434905 -0.007709097 0.005161895 0.066218145 -0.023082830 0.035154678 0.996918499
1341846318.782036 -0.045889955 -0.007073443 0.005088699 0.068259493 -0.022814712 0.036373984 0.996743202
1341846318.814121 -0.051768482 -0.006743779 0.004580164 0.068450421 -0.025877755 0.034245659 0.996730745
1341846318.850072 -0.052946866 -0.007735543 0.004694143 0.068560712 -0.032173317 0.031908885 0.996617377
1341846318.883516 -0.054485194 -0.009857642 0.005179238 0.070202783 -0.038530506 0.030142030 0.996332467
1341846318.918047 -0.058540754 -0.008405893 -0.001541314 0.074334383 -0.051360242 0.029421458 0.995475233
1341846318.950044 -0.062685832 -0.008516709 0.002680488 0.076328799 -0.058710124 0.025093067 0.995036364
1341846318.982028 -0.063810080 -0.007697276 0.001071905 0.078077368 -0.062565349 0.022427270 0.994729400
1341846319.018123 -0.067260534 -0.007877965 0.001523918 0.077068232 -0.066112079 0.021305988 0.994603276
1341846319.050745 -0.063701183 -0.011016328 0.005030295 0.077308290 -0.074624084 0.021029934 0.993988156
1341846319.081905 -0.064320713 -0.007430370 0.003570491 0.084810689 -0.075287051 0.018103195 0.993383765
1341846319.117976 -0.073289342 -0.008791612 0.001273686 0.086377062 -0.071801305 0.024381150 0.993372619
1341846319.150093 -0.074744567 -0.009948604 0.002049640 0.088201262 -0.076422699 0.032107886 0.992647588
1341846319.186069 -0.070510648 -0.004940251 0.004871991 0.091594912 -0.079752795 0.032453224 0.992066860
1341846319.218149 -0.070260271 -0.001501557 0.004194947 0.089296393 -0.075123310 0.031148048 0.992679417
1341846319.250034 -0.072717413 -0.002909887 0.003418837 0.082556151 -0.068461500 0.030971812 0.993749619
1341846319.286594 -0.076507278 -0.006029177 0.004078434 0.079431936 -0.064503871 0.035074495 0.994132638
1341846319.318034 -0.077052295 -0.005647081 0.005990731 0.080523789 -0.063955240 0.038141422 0.993967235
1341846319.350268 -0.078446478 -0.005985132 0.006052908 0.081037402 -0.063470118 0.044680107 0.993684173
1341846319.386163 -0.064116836 -0.007687793 0.002005272 0.082121707 -0.070211060 0.049142532 0.992930710
1341846319.418386 -0.078678384 -0.003803300 -0.003589674 0.083662763 -0.073075935 0.054302730 0.992326379
1341846319.453961 -0.074063130 -0.004129743 -0.000631654 0.084523052 -0.076650076 0.049333300 0.992243350
1341846319.486271 -0.054791942 -0.006323534 -0.005225025 0.082625732 -0.080636464 0.044059906 0.992335379
1341846319.518456 -0.052246533 -0.002644395 -0.011989961 0.079656757 -0.085009776 0.047323398 0.992062807
1341846319.554083 -0.054985359 -0.003848062 -0.005261015 0.077427611 -0.087668404 0.044699691 0.992129624
1341846319.586296 -0.058627993 -0.003907516 -0.005517923 0.077945121 -0.086248778 0.040891208 0.992377758
1341846319.622031 -0.066555046 -0.004826283 -0.008274762 0.076301187 -0.086935394 0.037914626 0.992563784
1341846319.653962 -0.070940316 -0.006733351 -0.002448698 0.075435326 -0.091687366 0.036636464 0.992250323
1341846319.686352 -0.079978712 -0.007717774 -0.000030350 0.077333018 -0.093284398 0.038251102 0.991894364
1341846319.721992 -0.083411947 -0.004544430 -0.000996445 0.079138845 -0.096551985 0.039185341 0.991402686
1341846319.754063 -0.082014479 -0.001229002 -0.001205814 0.076807708 -0.099765830 0.039437011 0.991257846
1341846319.786397 -0.088024698 -0.001766090 0.004207997 0.072920524 -0.098417982 0.042912196 0.991541743
1341846319.822008 -0.088575073 -0.001375934 0.000767456 0.069332793 -0.099034101 0.047373340 0.991534650
1341846319.853917 -0.090069950 -0.000579055 -0.001051551 0.064673297 -0.099669211 0.051193781 0.991595984
1341846319.889942 -0.094285510 -0.004222894 0.002363997 0.060713068 -0.099273227 0.056100469 0.991620660
1341846319.922039 -0.101098165 -0.005762490 0.003110515 0.060414985 -0.101393595 0.056588408 0.991396546
1341846319.953946 -0.099888839 -0.005981497 0.001935380 0.060613882 -0.108133197 0.053966824 0.990818262
1341846319.990054 -0.099857092 -0.006440181 0.004512159 0.063377261 -0.111743890 0.047138467 0.990593076
1341846320.028122 -0.102576464 -0.006175424 0.001764070 0.065418161 -0.113983326 0.045083109 0.990300834
1341846320.054177 -0.101768784 -0.007525498 0.000533843 0.068095408 -0.120222144 0.046191458 0.989331067
1341846320.090047 -0.098738000 -0.003945542 0.001901671 0.071245015 -0.122972868 0.045929164 0.988783300
1341846320.122011 -0.095033810 -0.003282222 0.002479900 0.072132044 -0.121850029 0.047237780 0.988796294
1341846320.157952 -0.090848044 -0.002850493 0.004089845 0.072526440 -0.120521724 0.047630094 0.988911450
1341846320.190003 -0.085766308 -0.005578591 0.009935983 0.074576825 -0.119036853 0.046452120 0.988994837
1341846320.221941 -0.084539011 -0.005863015 0.007745795 0.078479789 -0.115471415 0.047116987 0.989084065
1341846320.258015 -0.081132546 -0.007368174 0.009678181 0.082091585 -0.115561657 0.050552685 0.988610566
1341846320.289887 -0.076751158 -0.010795562 0.008428048 0.086031988 -0.117614336 0.051605407 0.987978876
1341846320.321954 -0.069454812 -0.009932911 0.006864032 0.094850741 -0.120632671 0.049364947 0.986921549
1341846320.357890 -0.066265732 -0.008101340 0.005858612 0.101017401 -0.120778427 0.049888264 0.986265302
1341846320.390064 -0.064868018 -0.008463783 0.005859412 0.102416120 -0.117314562 0.050926447 0.986486077
1341846320.426544 -0.058741566 -0.008283637 0.008325656 0.105111353 -0.111612163 0.047966577 0.987012446
1341846320.458122 -0.059628204 -0.008919574 0.006237771 0.106165797 -0.102777489 0.043762214 0.988053858
1341846320.490186 -0.056089964 -0.010996860 0.006164963 0.108514600 -0.096193902 0.043801639 0.988459766
1341846320.525911 -0.051861864 -0.010703931 0.005032658 0.112447776 -0.089578077 0.041782524 0.988729239
1341846320.558091 -0.046798859 -0.010145644 0.004749372 0.113616146 -0.086899303 0.038264353 0.988977075
1341846320.594093 -0.051083591 -0.010152208 0.004352274 0.114221290 -0.081270732 0.036291625 0.989460230
1341846320.631955 -0.050727759 -0.007032990 0.004634309 0.118146561 -0.072573461 0.035561763 0.989701867
1341846320.664916 -0.058901954 -0.009549337 0.005506462 0.117894880 -0.068280764 0.034908790 0.990060568
1341846320.699927 -0.042586613 -0.009417612 0.002396440 0.117014125 -0.068730608 0.032402907 0.990219116
1341846320.731822 -0.039660279 -0.008109070 0.001491074 0.119485736 -0.062441893 0.031181255 0.990379691
1341846320.763877 -0.042727914 -0.001696165 -0.001149615 0.118769579 -0.059419103 0.032026988 0.990624785
1341846320.799999 -0.033838730 -0.007379694 0.000817087 0.109792896 -0.063889451 0.027639844 0.991513848
1341846320.831871 -0.036209680 -0.009288324 0.004427188 0.111596569 -0.053627785 0.023734594 0.992021680
1341846320.863887 -0.047858328 -0.000616808 0.005517939 0.113711074 -0.040099669 0.024589309 0.992399693
1341846320.900014 -0.029027175 -0.007302686 -0.000551424 0.103151530 -0.049520481 0.028948799 0.993010283
1341846320.931889 -0.019882506 -0.010652812 0.001121438 0.103293896 -0.051835917 0.026932683 0.992934048
1341846320.967866 -0.031170357 -0.004219468 0.004242244 0.105764262 -0.043512661 0.024835313 0.993128300
1341846321.000017 -0.039505746 -0.006464224 0.002167367 0.099041753 -0.040321384 0.023647796 0.993984759
1341846321.031860 -0.032755155 -0.010972952 0.003829444 0.095493801 -0.041377593 0.021310324 0.994341373
1341846321.068047 -0.031009337 -0.008057490 0.001954821 0.096773244 -0.037911724 0.018787261 0.994406700
1341846321.099840 -0.030196916 -0.008079341 0.001218470 0.094249018 -0.036543030 0.019511979 0.994686365
1341846321.131821 -0.023641611 -0.010850069 0.004190975 0.093876198 -0.036772653 0.020569967 0.994691849
1341846321.167887 -0.020703284 -0.009550872 0.003821383 0.097032040 -0.033425063 0.021177694 0.994494379
1341846321.200042 -0.019026777 -0.008223481 0.004057901 0.097736701 -0.031262629 0.021120993 0.994496882
1341846321.231950 -0.015666824 -0.010229034 0.003975328 0.096396394 -0.031075411 0.019850157 0.994659722
1341846321.267939 -0.010813653 -0.008972583 0.002750830 0.097324222 -0.029959751 0.015172087 0.994686007
1341846321.299948 -0.007454635 -0.009336269 0.005091184 0.095869824 -0.026311582 0.009315536 0.995002449
1341846321.331858 -0.007199805 -0.010306737 0.005990275 0.095976971 -0.022940433 0.004797701 0.995107591
1341846321.367913 -0.001679464 -0.012559495 0.005347788 0.096703991 -0.021609824 0.000288754 0.995078504
1341846321.399897 0.001183377 -0.011363349 0.005939825 0.099002093 -0.017167564 -0.000458847 0.994939029
1341846321.435994 -0.013723300 -0.010391407 0.007149407 0.100543372 -0.009758634 0.001008261 0.994884312
1341846321.467946 -0.010580000 -0.009985791 0.006488241 0.102612980 -0.007711889 0.001527095 0.994690359
1341846321.499882 -0.006574419 -0.010204102 0.006376673 0.103896648 -0.005852333 0.001776177 0.994569302
1341846321.536109 0.001044060 -0.007131896 0.004534456 0.104546286 -0.002665630 -0.000899375 0.994516075
1341846321.568960 -0.001368330 -0.004812003 0.008314490 0.102210790 0.005208267 -0.003171788 0.994744122
1341846321.603938 0.000268302 -0.006338860 0.008591346 0.098514587 0.007304022 -0.003543095 0.995102525
1341846321.637163 0.009701750 -0.005128670 0.001443707 0.095669612 0.009561697 -0.003870106 0.995359719
1341846321.668306 0.008375105 -0.003736613 0.007995567 0.092101835 0.019338211 -0.000695885 0.995561540
1341846321.704411 0.003582269 -0.004405138 0.011082970 0.088953018 0.022376226 0.006123905 0.995765626
1341846321.736861 0.007413210 -0.004234673 0.009879112 0.087786704 0.018894954 0.014310180 0.995857298
1341846321.771881 0.010456676 -0.000287378 0.009057319 0.086280271 0.017745204 0.020074766 0.995910525
1341846321.804114 0.013403316 -0.001392648 0.009288931 0.081644900 0.019190622 0.022985717 0.996211588
1341846321.836152 0.013760880 0.001699243 0.010882257 0.079908118 0.021539511 0.024057722 0.996279061
1341846321.871882 -0.004994340 -0.002824234 0.009325844 0.073645376 0.027961601 0.022551427 0.996637344
1341846321.904074 0.018042563 0.003641495 0.010889430 0.068812944 0.022797849 0.018887116 0.997190237
1341846321.939847 0.018262241 0.001890748 0.010977893 0.064120449 0.026180575 0.015321741 0.997481048
1341846322.004094 0.016414570 0.000889495 0.011601694 0.056994449 0.024945525 0.014656114 0.997955203
1341846322.034203 0.000912294 -0.007664403 0.009033561 0.052767016 0.029784063 0.014480897 0.998057544
1341846322.066178 0.001104124 -0.007899681 0.010154812 0.049924940 0.034018755 0.012357579 0.998096943
1341846322.107979 -0.000151017 -0.012227762 0.010622428 0.046458922 0.036523327 0.010835098 0.998193502
1341846322.133980 -0.000108447 -0.017267585 0.010001459 0.046476495 0.037277095 0.008594791 0.998186588
1341846322.166164 -0.001315200 -0.018437346 0.010759760 0.048646491 0.037032954 0.009620112 0.998082936
1341846322.202932 -0.000776882 -0.019994806 0.008935231 0.049527578 0.034402557 0.010359729 0.998126328
1341846322.234093 -0.000326422 -0.020767935 0.009665770 0.048556939 0.032697953 0.008099381 0.998252213
1341846322.265941 -0.000375575 -0.024178635 0.008493084 0.045141499 0.029906465 0.008485020 0.998496830
1341846322.301996 0.002105204 -0.028409081 0.008843406 0.042499632 0.027395742 0.008985777 0.998680413
1341846322.333949 -0.002620495 -0.020488122 0.009654290 0.044152349 0.027106808 0.009299651 0.998613715
1341846322.369871 0.001488451 -0.037026495 0.008458070 0.040553957 0.020373955 0.005652573 0.998953640
1341846322.402292 0.004777420 -0.029085290 0.009649524 0.044824831 0.020418856 0.000440502 0.998786092
1341846322.433955 0.000031126 -0.036548875 0.011129563 0.047943484 0.023969783 -0.004527168 0.998552144
1341846322.470030 -0.000737165 -0.039813355 0.010465505 0.055604272 0.019951394 -0.001069152 0.998252988
1341846322.502433 0.003327881 -0.043571439 0.009943054 0.060640253 0.015217103 0.002235650 0.998041153
1341846322.534002 0.005530696 -0.049776927 0.009480980 0.067366168 0.014113572 0.003964816 0.997620642
1341846322.570196 0.004698993 -0.066155545 0.010289344 0.073158063 0.014623440 0.004129101 0.997204602
1341846322.601920 0.001845216 -0.053463344 0.009764330 0.082841069 0.012452576 0.008434966 0.996449292
1341846322.638119 0.007079315 -0.059522018 0.008570832 0.086428449 0.007314183 0.007944372 0.996199548
1341846322.669947 0.010278903 -0.060662333 0.008340888 0.091422297 0.009382627 0.006605570 0.995746076
1341846322.702026 0.006096011 -0.063994922 0.010155505 0.093995452 0.012606191 0.007564669 0.995464087
1341846322.738006 0.007038713 -0.063348562 0.008915329 0.095788151 0.009678606 0.009622904 0.995308161
1341846322.770087 0.011273351 -0.068133600 0.009787072 0.094470046 0.008718787 0.010208944 0.995437205
1341846322.806047 -0.010338797 -0.042314414 -0.033678226 0.105443358 0.022455372 0.003866268 0.994164228
1341846322.838063 0.005674648 -0.073271804 0.010915438 0.099590868 0.006400107 0.012527703 0.994929016
1341846322.870081 -0.009985394 -0.048052289 -0.034434989 0.108190365 0.013056776 0.006219869 0.994024992
1341846322.906018 -0.005975747 -0.050151907 -0.034069944 0.112765655 0.009836210 0.006285275 0.993553042
1341846322.938349 -0.006650363 -0.046427611 -0.035523448 0.114496559 0.011169647 0.007486142 0.993332624
1341846322.970069 -0.005685242 -0.048143055 -0.035817452 0.109237641 0.010624955 0.009535851 0.993913114
1341846323.011820 -0.005112330 -0.052359261 -0.034910921 0.105714880 0.010773462 0.009583374 0.994291961
1341846323.038050 -0.005464419 -0.052359678 -0.034967117 0.105544142 0.011236304 0.011869961 0.994280279
1341846323.073951 -0.005713483 -0.052248385 -0.036038041 0.103231914 0.010949099 0.013977062 0.994498849
1341846323.105962 -0.004325294 -0.057218209 -0.035303105 0.098968886 0.010368763 0.014555837 0.994930029
1341846323.138158 -0.004958048 -0.058218382 -0.034963183 0.099433802 0.010684824 0.010631579 0.994929969
1341846323.174092 -0.005893389 -0.058321912 -0.036771514 0.097415254 0.010653037 0.009721127 0.995139301
1341846323.206059 -0.003809638 -0.057281688 -0.033371389 0.095303483 0.009106446 0.007521616 0.995378196
1341846323.238053 -0.005647792 -0.052957267 -0.032967847 0.094096191 0.012788732 0.005652207 0.995464921
1341846323.305946 -0.005622249 -0.060710419 -0.033733711 0.082814641 0.009329363 0.007420263 0.996493697
1341846323.342027 -0.000412761 -0.064646229 -0.032011740 0.079902291 0.009250264 0.004892918 0.996747732
1341846323.374048 -0.008491102 -0.061554808 -0.032241832 0.081558883 0.015520294 0.006599660 0.996525824
1341846323.405987 -0.011645061 -0.064173110 -0.034177117 0.080782607 0.012531619 0.011810082 0.996582985
1341846323.441956 -0.007131580 -0.067423373 -0.033592992 0.081265643 0.006586346 0.013983832 0.996572614
1341846323.473878 -0.004169851 -0.074765071 -0.032430049 0.083751693 0.007097194 0.011707789 0.996392548
1341846323.506129 -0.008180805 -0.069097348 -0.034150090 0.087841123 0.008397538 0.009505738 0.996053755
1341846323.541972 -0.005351781 -0.069270246 -0.034687862 0.086466633 0.007312886 0.007755578 0.996197760
1341846323.573913 -0.001140926 -0.073323399 -0.035031229 0.084910467 0.010188432 0.001608405 0.996335208
1341846323.609927 -0.004118549 -0.073584005 -0.033915937 0.085605212 0.017388484 -0.002284597 0.996174812
1341846323.642014 -0.007196196 -0.074785814 -0.035907932 0.083967477 0.020098800 -0.001048386 0.996265233
1341846323.674081 0.003874059 -0.063534088 0.012526997 0.087895736 0.007718499 0.010163788 0.996047914
1341846323.710069 -0.006916854 -0.079941176 -0.035288483 0.084538512 0.016689297 0.005670717 0.996264279
1341846323.742111 0.004034389 -0.069290146 0.012648599 0.092854194 0.004424089 0.015734835 0.995545566
1341846323.774928 0.004437099 -0.069147922 0.011514159 0.096530981 0.002047469 0.012698416 0.995246828
1341846323.810012 0.005499355 -0.070411615 0.010769060 0.097529843 0.000532655 0.009134784 0.995190561
1341846323.842207 0.005763230 -0.071646623 0.010461082 0.098737463 0.000541914 0.004233621 0.995104373
1341846323.878019 0.004186433 -0.074066490 0.009934404 0.098917514 0.000450386 0.000293341 0.995095491
1341846323.909826 0.004447144 -0.077148587 0.010197578 0.101516835 -0.001420038 -0.004550653 0.994822383
1341846323.942459 0.003875532 -0.077096254 0.009915969 0.105610140 -0.001214317 -0.005317486 0.994392633
1341846323.978055 0.002248948 -0.078467324 0.009453006 0.107496098 -0.003431367 -0.003615352 0.994193017
1341846324.047722 0.005254124 -0.077890113 0.009397019 0.114951089 -0.005161746 -0.004632583 0.993346930
1341846324.083904 0.004696595 -0.074241765 0.009282105 0.116196126 -0.003550583 -0.005286462 0.993205905
1341846324.115968 0.005384196 -0.072956257 0.009367842 0.114046797 -0.002076199 -0.006329089 0.993453026
1341846324.151967 0.005358154 -0.069058001 0.010245274 0.114747405 0.000828955 -0.011094332 0.993332386
1341846324.183941 0.005747216 -0.068153724 0.009730469 0.112056598 0.004818739 -0.013805352 0.993594229
1341846324.219984 0.004223908 -0.067833968 0.010855416 0.107713073 0.007188930 -0.013584669 0.994063199
1341846324.251968 0.002845097 -0.065831684 0.011975054 0.107543938 0.007826784 -0.014225032 0.994067788
1341846324.284052 0.002266576 -0.062616020 0.012128652 0.108777210 0.007193252 -0.014511050 0.993934214
1341846324.351917 0.002614493 -0.056242622 0.010855703 0.105141588 0.000237412 -0.015896991 0.994330168
1341846324.388001 0.004358329 -0.054490127 0.010889966 0.101203017 -0.000381332 -0.019434907 0.994675875
1341846324.419908 0.004442187 -0.053594179 0.010191429 0.096509278 0.001804997 -0.021690635 0.995094061
1341846324.452027 0.002505354 -0.053799860 0.012113334 0.091512613 0.002964978 -0.022726467 0.995540142
1341846324.487928 0.002071348 -0.052595738 0.012296949 0.090054117 0.002659282 -0.020623209 0.995719790
1341846324.556001 0.000194219 -0.046563264 0.011558145 0.087980665 -0.003955182 -0.011941906 0.996042728
1341846324.587888 -0.010485199 -0.053818069 -0.034218431 0.081577726 0.003344555 -0.018257350 0.996494114
1341846324.620086 -0.010865260 -0.052951522 -0.033653103 0.079296157 0.001047392 -0.020712834 0.996635377
1341846324.655955 -0.009591771 -0.050370950 -0.033590175 0.078498811 -0.000585571 -0.022138862 0.996668220
1341846324.688082 -0.010451958 -0.049987715 -0.032282110 0.077700667 -0.000079451 -0.021061732 0.996754229
1341846324.782029 -0.012392147 -0.039635800 -0.031873673 0.078829914 -0.007455535 -0.017855713 0.996700287
1341846324.814016 -0.008685179 -0.035568759 -0.033983279 0.076382995 -0.009842634 -0.019672234 0.996835887
1341846324.849979 -0.010358890 -0.035000633 -0.031655837 0.070518516 -0.005933133 -0.022018870 0.997249782
1341846324.881924 -0.012303813 -0.033977747 -0.030565867 0.067817852 -0.006274907 -0.022746259 0.997418642
1341846324.913902 -0.011413256 -0.032246392 -0.030284368 0.066963911 -0.008168385 -0.019488446 0.997531593
1341846324.981922 -0.014849544 -0.031967133 -0.028587291 0.071514115 -0.009382331 -0.013653223 0.997301996
1341846325.018013 -0.014783260 -0.029435284 -0.029188937 0.076221026 -0.014726815 -0.011009747 0.996921360
1341846325.050079 -0.015604375 -0.026300680 -0.030157320 0.078639217 -0.019283261 -0.011898808 0.996645570
1341846325.081901 -0.014454677 -0.022569921 -0.030727264 0.078372918 -0.025195563 -0.013585791 0.996513069
1341846325.149933 -0.012262116 -0.019225229 -0.030873820 0.068816476 -0.025363253 -0.017088786 0.997160435
1341846325.181925 0.000564718 -0.031458586 0.014906052 0.063116007 -0.035479248 -0.006999377 0.997350812
1341846325.218055 0.000364476 -0.030080020 0.015147580 0.060379252 -0.035314523 -0.002697616 0.997546971
1341846325.249811 -0.000212127 -0.028273543 0.015537852 0.058786336 -0.035169907 0.000783511 0.997650564
1341846325.285925 0.000653745 -0.026113868 0.015684821 0.056436304 -0.036188498 0.003861414 0.997742712
1341846325.349844 0.001843510 -0.027491428 0.018361444 0.056239117 -0.029640423 0.008848124 0.997938037
1341846325.387302 0.002014014 -0.025192637 0.018578058 0.061560780 -0.026998116 0.011858643 0.997667670
1341846325.417931 0.004211625 -0.023813775 0.018500494 0.064601600 -0.022803919 0.014202519 0.997549474
1341846325.450747 0.004397430 -0.024277855 0.019006217 0.068736121 -0.014859345 0.016056132 0.997394979
1341846325.485954 0.002665233 -0.023870364 0.020756219 0.077345282 -0.007234953 0.019034265 0.996796429
1341846325.517875 0.002627463 -0.019921176 0.020436971 0.082151361 -0.004813246 0.022029372 0.996364713
1341846325.585855 0.002072079 -0.015282027 0.020773053 0.088397950 0.001964427 0.020261250 0.995877206
1341846325.617990 0.001000063 -0.009964168 0.019983256 0.086587802 0.003906979 0.019860640 0.996038556
1341846325.653982 -0.000023505 -0.013167679 0.021544321 0.082568988 0.006216154 0.016418120 0.996430695
1341846325.685819 -0.000448737 -0.013614518 0.021735368 0.087518528 0.007808433 0.016934603 0.995988309
1341846325.754083 -0.000379227 -0.013279146 0.022855103 0.094904497 0.008613744 0.028413000 0.995043516
1341846325.786087 -0.000639506 -0.009543356 0.022709448 0.102063932 0.009049871 0.030262342 0.994276226
1341846325.821856 -0.000670663 -0.005396071 0.022568410 0.107252732 0.010831288 0.032058295 0.993655741
1341846325.853827 -0.001300879 -0.005364925 0.023550240 0.107699752 0.011654733 0.035084683 0.993495882
1341846325.921984 -0.002665416 -0.000975750 0.023134699 0.107889704 0.005125091 0.046019118 0.993083954
1341846325.953899 -0.000677245 -0.000994027 0.023997331 0.110559478 0.004747801 0.046972044 0.992747545
1341846325.985823 -0.000708885 0.000557575 0.025239743 0.113763265 0.007704760 0.051311642 0.992152035
1341846326.021991 -0.001691159 -0.000465240 0.025489388 0.116036460 0.008286418 0.056997288 0.991573572
1341846326.054055 -0.000467580 0.001700015 0.025982821 0.121253036 0.006835946 0.061510924 0.990690351
1341846326.121822 0.000560862 0.007839198 0.026597308 0.124978282 0.012327097 0.058597762 0.990350842
1341846326.154079 -0.000547851 0.008104140 0.027634921 0.125285000 0.015250817 0.057403900 0.990341306
1341846326.190178 -0.001843811 0.009230619 0.026978290 0.127819330 0.015312795 0.058835723 0.989932358
1341846326.222162 -0.002413138 0.012341235 0.026848076 0.127590537 0.013624309 0.065131478 0.989592314
1341846326.291222 -0.001917005 0.016748538 0.027170148 0.121474043 0.009727249 0.069853738 0.990085840
1341846326.322766 -0.001388626 0.018597510 0.027925611 0.117592990 0.009820053 0.068652116 0.990637362
1341846326.359773 -0.001121655 0.020366192 0.029065819 0.114169508 0.011217257 0.066332601 0.991180897
1341846326.392109 -0.000844602 0.019139517 0.029846366 0.112049691 0.013136451 0.066582777 0.991382420
1341846326.459869 -0.002732553 0.023372222 0.030704558 0.119346142 0.011899407 0.075675815 0.989892960
1341846326.491143 -0.001225423 0.025146972 0.031268559 0.120483987 0.010245211 0.075566947 0.989781976
1341846326.526163 -0.000167304 0.030077331 0.030795392 0.120697141 0.012442141 0.075086214 0.989767373
1341846326.560211 -0.000771499 0.031456083 0.031876393 0.115372114 0.016708052 0.075949341 0.990273654
1341846326.591828 -0.001358255 0.032530244 0.032948941 0.112622619 0.018858671 0.077000737 0.990470290
1341846326.627027 -0.000696670 0.034774322 0.032832786 0.112605043 0.020113088 0.076591104 0.990479350
1341846326.658442 -0.000340934 0.037803441 0.033549570 0.111115903 0.023755284 0.074965820 0.990691245
1341846326.726206 -0.001514072 0.042666484 0.034832351 0.102260694 0.028347567 0.074168906 0.991583645
1341846326.762753 -0.001555178 0.033317331 0.029935528 0.093364194 0.030873027 0.071332060 0.992593467
1341846326.794046 -0.000818959 0.047075212 0.035308838 0.089789949 0.034023970 0.069775254 0.992930830
1341846326.826821 -0.002910821 0.037872955 0.031634592 0.078882210 0.037730195 0.066138759 0.993971705
1341846326.858887 -0.002619899 0.040047277 0.030808907 0.070849642 0.038560744 0.065764792 0.994569421
1341846326.895360 -0.003875991 0.039721802 0.031773921 0.068478018 0.038873862 0.066620193 0.994666457
1341846326.926897 -0.004211837 0.040708978 0.031728603 0.070303164 0.035243109 0.068255052 0.994563520
1341846326.958888 -0.002983796 0.042926267 0.031378746 0.073065691 0.032156970 0.071552791 0.994237185
1341846326.994594 -0.002581938 0.045661822 0.031360805 0.074332543 0.032357480 0.074397467 0.993927896
1341846327.026301 -0.002440656 0.048305675 0.030822244 0.072764851 0.033471912 0.074150182 0.994025469
1341846327.063945 -0.002205201 0.049227949 0.032190409 0.069670774 0.035806097 0.071477056 0.994361579
1341846327.094662 -0.001894719 0.050995566 0.033748649 0.069583252 0.038044639 0.068885960 0.994467437
1341846327.128901 -0.002487910 0.052833449 0.034218546 0.068972535 0.038629215 0.066463523 0.994652331
1341846327.161940 -0.002205363 0.055648282 0.034886837 0.068699792 0.037109133 0.066500500 0.994726539
1341846327.193867 -0.001055904 0.056498051 0.034864880 0.067422234 0.037758101 0.065388501 0.994863272
1341846327.229885 -0.000241788 0.059121639 0.036596835 0.069225520 0.040584419 0.064561822 0.994682133
1341846327.262014 -0.000194623 0.059212584 0.038407758 0.068341509 0.044981286 0.062106438 0.994710445
1341846327.294023 0.002129565 0.054408088 0.033340111 0.068499058 0.053800438 0.055438597 0.994655728
1341846327.330015 0.004099389 0.073733717 0.044251494 0.077671617 0.065261438 0.055903137 0.993268847
1341846327.361939 0.001506269 0.076761670 0.043928865 0.075249366 0.072241686 0.049321350 0.993320763
1341846327.393887 -0.000210502 0.068203934 0.039964158 0.070957921 0.075934403 0.041005682 0.993739128
1341846327.429966 -0.000003133 0.071043313 0.038464863 0.069081165 0.076061070 0.038886789 0.993946850
1341846327.461965 -0.002651663 0.074683920 0.037334979 0.060792379 0.072913490 0.036508810 0.994814038
1341846327.497931 -0.000808944 0.076287962 0.038978629 0.057408981 0.069031253 0.037969671 0.995237231
1341846327.530068 -0.001446621 0.077765130 0.039118927 0.055562567 0.070276067 0.039859802 0.995181024
1341846327.561895 -0.002798573 0.079349667 0.039928839 0.053959914 0.068506621 0.044646230 0.995189369
1341846327.598010 -0.003163022 0.080984049 0.039917976 0.055815846 0.065450713 0.049570899 0.995059550
1341846327.629945 -0.004258575 0.083347566 0.039539617 0.057519238 0.061317362 0.049835198 0.995212615
1341846327.662003 -0.004002696 0.084509939 0.040728025 0.057185885 0.057039969 0.047197003 0.995614707
1341846327.697919 -0.003679125 0.087161370 0.040875666 0.059954230 0.055958346 0.046758715 0.995533943
1341846327.730075 -0.003138411 0.089489281 0.039761886 0.056417011 0.054519106 0.048293043 0.995747209
1341846327.766017 -0.003130147 0.100519955 0.045981176 0.054462116 0.054112539 0.049431302 0.995822430
1341846327.797917 -0.003314655 0.104715958 0.046129987 0.051324446 0.053470522 0.052664287 0.995858014
1341846327.830054 -0.003498468 0.106590882 0.046010025 0.044780798 0.052856393 0.052999921 0.996188700
1341846327.865944 -0.003694654 0.097622409 0.040785268 0.037484597 0.054009043 0.051950052 0.996483386
1341846327.898010 -0.004196853 0.099343158 0.042089254 0.035084404 0.054946307 0.054085486 0.996405900
1341846327.929991 -0.004328655 0.087783195 0.040157333 0.028647982 0.053933747 0.052704349 0.996741056
1341846327.966065 -0.005107882 0.105673686 0.040968630 0.029299734 0.053487606 0.053410206 0.996708572
1341846327.998073 -0.004070159 0.091471814 0.039597135 0.018311998 0.054800663 0.047968935 0.997176290
1341846328.034045 -0.004464280 0.092471220 0.039462928 0.012572185 0.055746332 0.046727858 0.997271657
1341846328.065993 -0.004277640 0.092744477 0.039711311 0.006701412 0.056755111 0.046112340 0.997300148
1341846328.098045 -0.004780773 0.091328748 0.040989302 0.005109048 0.057494678 0.047895987 0.997183144
1341846328.133967 -0.004646129 0.091393881 0.040395800 0.008546314 0.056260966 0.050414067 0.997105837
1341846328.166023 -0.004316501 0.090400867 0.039578181 0.007349041 0.053365435 0.051042903 0.997242570
1341846328.198018 -0.004377112 0.088814370 0.039196283 0.006835759 0.050394781 0.049316481 0.997487605
1341846328.234044 -0.004692706 0.086691752 0.038817972 0.008975700 0.049220461 0.047460906 0.997619271
1341846328.265899 -0.004412237 0.084494747 0.037955392 0.010373459 0.047223043 0.047777798 0.997687161
1341846328.302051 -0.004283367 0.080683708 0.036774360 0.011225241 0.046949569 0.048087001 0.997676015
1341846328.333917 -0.004722202 0.076695837 0.037524074 0.013474292 0.047740765 0.049471591 0.997542918
1341846328.366008 -0.004424402 0.073955402 0.037004504 0.018098786 0.046816297 0.047843296 0.997592986
1341846328.402010 -0.004464268 0.068740793 0.036863007 0.029000495 0.049219374 0.048215169 0.997201979
1341846328.433920 -0.004360204 0.080808707 0.038232706 0.036486849 0.046697933 0.049599901 0.997009456
1341846328.470003 -0.003216108 0.077846706 0.036085639 0.035857935 0.044795562 0.044066362 0.997379422
1341846328.502194 -0.002455316 0.072860241 0.034241542 0.035744000 0.046643775 0.036378540 0.997608781
1341846328.534033 -0.001615966 0.061599646 0.033263840 0.034067914 0.049645696 0.031832617 0.997677982
1341846328.570125 -0.002634913 0.064036526 0.035291426 0.036766212 0.051058564 0.032312859 0.997495472
1341846328.602804 -0.003990901 0.058809653 0.034528457 0.040781751 0.047908455 0.033589970 0.997453451
1341846328.636433 -0.003940416 0.055433154 0.034240048 0.045432307 0.039772242 0.033776544 0.997603774
1341846328.672663 -0.002223170 0.052293979 0.033505000 0.049741358 0.032854393 0.032574974 0.997689962
1341846328.702975 -0.001428283 0.041758142 0.033372760 0.050176241 0.029713767 0.030082295 0.997844934
1341846328.738215 -0.000058375 0.037661131 0.033185735 0.053984556 0.027048310 0.027492533 0.997796714
1341846328.770129 -0.000248597 0.043559086 0.033430636 0.060155917 0.026099652 0.026523987 0.997495115
1341846328.802331 0.001042176 0.049962454 0.036871795 0.063031957 0.022633890 0.027413007 0.997378170
1341846328.838051 0.001132048 0.037468955 0.031680968 0.063350916 0.020346120 0.024757972 0.997476697
1341846328.869939 0.001205921 0.037760578 0.031513579 0.064361416 0.019379338 0.023140579 0.997470081
1341846328.904486 0.000730564 0.034469359 0.031664737 0.059193730 0.016846595 0.022039233 0.997861028
1341846328.939814 0.001892610 0.028891262 0.030938549 0.060273875 0.013487777 0.022284713 0.997841954
1341846328.970217 0.001228464 0.031045485 0.030844506 0.065522559 0.011561726 0.025933074 0.997447073
1341846329.006232 0.003604868 0.036247768 0.034532171 0.068278641 0.008483345 0.029867308 0.997183025
1341846329.038243 0.002515661 0.025217539 0.029490698 0.068786964 0.007887586 0.030619839 0.997130156
1341846329.072238 0.002770879 0.025868345 0.028734431 0.073621958 0.008293542 0.030345140 0.996789932
1341846329.106125 0.002712389 0.024576584 0.028112002 0.072022371 0.007547872 0.029863287 0.996927321
1341846329.138340 0.002905829 0.021265829 0.028368721 0.072680175 0.006752773 0.027757879 0.996946096
1341846329.169991 0.002979680 0.021039726 0.026999574 0.074884027 0.005829809 0.026325105 0.996827662
1341846329.208656 0.003695161 0.019415669 0.026490541 0.075029515 0.004375676 0.025573019 0.996843755
1341846329.238169 0.003837249 0.019378427 0.025822245 0.074785143 0.003560853 0.025276031 0.996872902
1341846329.273827 0.003704983 0.016838521 0.025848158 0.072431035 0.002802205 0.025543423 0.997042358
1341846329.306052 0.003638279 0.016247727 0.025032381 0.073107347 0.000303483 0.024764361 0.997016549
1341846329.338104 0.006830706 0.023784811 0.028132182 0.071986638 -0.002571090 0.022473201 0.997149110
1341846329.373907 0.006595412 0.020079676 0.028397372 0.067487948 -0.002947966 0.020559292 0.997503877
1341846329.405985 0.004738153 0.010502480 0.024085367 0.066277951 -0.003954026 0.018100545 0.997629166
1341846329.442057 0.004452948 0.013192223 0.024614621 0.066711150 -0.004443759 0.014598429 0.997655630
1341846329.473950 0.006411993 0.015401840 0.027109943 0.066547558 -0.005717468 0.008122061 0.997733831
1341846329.506147 0.003484854 0.009728339 0.023367375 0.065281488 -0.006757554 0.005307639 0.997829854
1341846329.542121 0.003124066 0.007654385 0.023096889 0.063199230 -0.009673895 0.005135615 0.997940838
1341846329.574086 0.003760506 0.004304084 0.022884678 0.064684987 -0.012137852 0.003480708 0.997825861
1341846329.606387 0.003807293 0.004454839 0.022164514 0.067681178 -0.012546457 0.002422889 0.997625172
1341846329.641955 0.002858957 0.003613113 0.021520982 0.067509092 -0.013195595 0.002297927 0.997628748
1341846329.681570 0.002460845 0.001424370 0.021755140 0.066240214 -0.015965538 0.002619066 0.997672498
1341846329.748113 0.003840599 0.000323791 0.020759426 0.068209440 -0.016558897 0.000178693 0.997533560
1341846329.774077 0.004122441 -0.001971917 0.020737879 0.065651804 -0.015043570 0.002687309 0.997725546
1341846329.810175 0.003331906 -0.004027181 0.020826522 0.065467432 -0.013032786 0.004587988 0.997759044
1341846329.842255 0.003066033 -0.005821907 0.020683803 0.066688702 -0.012885011 0.007626346 0.997661471
1341846329.874044 0.002895447 -0.007011947 0.020853495 0.068438433 -0.012916541 0.010918615 0.997511983
1341846329.910073 0.002924254 -0.006147960 0.019577291 0.068984322 -0.013363872 0.013353555 0.997438848
1341846329.942009 0.002787239 -0.006079016 0.020233842 0.064737611 -0.013908084 0.018454779 0.997634709
1341846329.978087 0.002617092 -0.010691740 0.019760644 0.061391126 -0.014150776 0.020078363 0.997811496
1341846330.016305 0.003667803 -0.009266889 0.019122442 0.064007394 -0.013506047 0.017814552 0.997699022
1341846330.048192 0.002806120 -0.008237362 0.018902678 0.060295653 -0.011850351 0.019504532 0.997919619
1341846330.080418 0.002744561 -0.011746197 0.018767813 0.055217039 -0.011872360 0.021041887 0.998181999
1341846330.115886 0.003053950 -0.014740530 0.019143932 0.057098359 -0.010527544 0.021890311 0.998073041
1341846330.147839 0.001878893 -0.012027005 0.017662946 0.060673553 -0.009711432 0.023566123 0.997832179
1341846330.181257 0.003010627 -0.009832814 0.017651064 0.056239467 -0.011469909 0.028148852 0.997954488
1341846330.215852 0.005242103 -0.007549462 0.020660819 0.050876345 -0.010546619 0.026380816 0.998300791
1341846330.247833 0.001654060 -0.013220930 0.017872648 0.047476351 -0.009030411 0.025512716 0.998505652
1341846330.283913 0.004239608 -0.006216989 0.019846890 0.046017922 -0.010390845 0.025998104 0.998548210
1341846330.316011 0.003299960 -0.008680149 0.020665746 0.038903084 -0.010643444 0.024860376 0.998876989
1341846330.347868 0.000282068 -0.014843793 0.017101942 0.034968380 -0.011479727 0.023826063 0.999038398
1341846330.383835 0.001186406 -0.015178405 0.016825370 0.033152349 -0.012444910 0.024659319 0.999068558
1341846330.415934 0.000809673 -0.017542293 0.017712308 0.031974189 -0.011339712 0.022701891 0.999166489
1341846330.452561 -0.000223257 -0.017903136 0.017473275 0.034895152 -0.011305575 0.021178275 0.999102592
1341846330.515970 -0.000859873 -0.018675698 0.016961640 0.033339318 -0.015237925 0.026744640 0.998969972
1341846330.552099 -0.000443199 -0.019466806 0.016619138 0.034459263 -0.016891617 0.029133374 0.998838544
1341846330.583876 -0.000790611 -0.017735617 0.015481234 0.034572393 -0.016985038 0.030048234 0.998805940
1341846330.652136 -0.001544020 -0.017501384 0.014665271 0.023478528 -0.019399697 0.027755190 0.999150634
1341846330.683796 -0.001961614 -0.017758407 0.014373384 0.019177001 -0.019154135 0.026616298 0.999278188
1341846330.719991 -0.003701601 -0.019974886 0.014384386 0.015898138 -0.020252984 0.026512263 0.999316871
1341846330.752103 -0.004482387 -0.020973083 0.012761740 0.017318824 -0.024155611 0.030525068 0.999091983
1341846330.787952 -0.005518530 -0.020198632 0.011555206 0.018639298 -0.028384207 0.034398839 0.998831153
1341846330.819823 -0.005041187 -0.020056553 0.011997102 0.018427329 -0.033314981 0.035105489 0.998658180
1341846330.888445 -0.003022900 -0.009750157 0.013566418 0.017740365 -0.037855819 0.037823219 0.998409569
1341846330.914111 -0.002432421 -0.011456061 0.013536429 0.011533410 -0.039314128 0.036340237 0.998499274
1341846330.949903 -0.004189454 -0.011006459 0.013544576 0.008597015 -0.039680239 0.036054108 0.998524785
1341846330.981986 -0.005424202 -0.011153260 0.013352134 0.009428555 -0.043747213 0.036573078 0.998328447
1341846331.014111 -0.004902070 -0.010040271 0.012940020 0.009443155 -0.048240654 0.037315395 0.998093784
1341846331.082139 -0.005445087 -0.010749972 0.011912550 0.010927651 -0.050885163 0.034340806 0.998054087
1341846331.114334 -0.005805738 -0.010198206 0.011226282 0.010874040 -0.052847765 0.033581261 0.997978508
1341846331.181954 -0.006001268 -0.012113606 0.010943223 0.013680655 -0.054020356 0.031326387 0.997954547
1341846331.218151 -0.007639417 -0.009139990 0.009669726 0.014653471 -0.056318767 0.032116540 0.997788548
1341846331.249914 -0.005260983 -0.011127672 0.010131421 0.011404435 -0.059389349 0.031332821 0.997677863
1341846331.282227 -0.001798233 -0.015025796 0.011630584 0.014708474 -0.056921054 0.028960766 0.997850180
1341846331.318141 -0.003877509 -0.011079885 0.011182806 0.022036510 -0.050241813 0.027714506 0.998109221
1341846331.349926 -0.003083083 -0.010238544 0.010910002 0.021410910 -0.047897868 0.026394313 0.998273849
1341846331.382003 0.002799530 -0.014569503 0.013029912 0.021977421 -0.043882068 0.025761088 0.998462677
1341846331.418008 0.000056730 -0.013104768 0.012802911 0.029776277 -0.032471269 0.025684182 0.998698831
1341846331.450327 -0.001108805 -0.010985368 0.014194884 0.032792725 -0.027028570 0.026100624 0.998755634
1341846331.518344 -0.000355499 -0.010519115 0.014824237 0.031587768 -0.024639413 0.025896285 0.998861611
1341846331.550202 0.000506927 -0.012009203 0.016758882 0.033350747 -0.020294188 0.024397081 0.998939753
1341846331.586139 -0.001210898 -0.009661210 0.016921367 0.036531433 -0.018025221 0.024891909 0.998859823
1341846331.617931 0.000104354 -0.009056318 0.018426877 0.035842963 -0.018739026 0.025458323 0.998857319
1341846331.686123 0.000474472 -0.008543643 0.020407269 0.038940620 -0.013353717 0.027654136 0.998769522
1341846331.717954 -0.000203997 -0.006592475 0.021555774 0.036476638 -0.014351751 0.028456602 0.998826146
1341846331.754076 0.001614572 -0.008858803 0.023671616 0.033313785 -0.014487435 0.026623107 0.998985231
1341846331.785920 0.001819639 -0.009141749 0.025629222 0.036166973 -0.011727473 0.025488013 0.998951852
1341846331.853849 0.001536190 -0.007924129 0.029252958 0.036013566 -0.009543158 0.025458269 0.998981416
1341846331.885987 0.003067420 -0.008444561 0.030646238 0.038532518 -0.007628379 0.023437642 0.998953283
1341846331.922014 0.002569343 -0.006906823 0.032507822 0.041156076 -0.004245644 0.022464089 0.998891115
1341846331.954037 0.003612001 -0.006859341 0.034266524 0.040977910 -0.002017051 0.023101376 0.998890936
1341846332.022364 0.001282940 -0.010589529 0.033795256 0.048203394 0.009665947 0.024050271 0.998501182
1341846332.054175 0.002324185 -0.009116741 0.040788434 0.055591822 0.009197883 0.026150363 0.998068690
1341846332.086502 0.001308027 -0.008836372 0.037325311 0.058093790 0.009623531 0.027949192 0.997873366
1341846332.122051 0.000951299 -0.007820494 0.039214790 0.060417693 0.010967806 0.026708480 0.997755527
1341846332.153983 0.000018036 -0.005143774 0.040679272 0.059541676 0.010876054 0.024472810 0.997866511
1341846332.222699 -0.000173897 -0.007704765 0.046325635 0.049394365 0.009028342 0.020927357 0.998519242
1341846332.289948 -0.000938454 -0.007111489 0.049927469 0.054659411 0.009723321 0.022155520 0.998211861
1341846332.322172 -0.000760429 -0.007365384 0.051757615 0.055365715 0.009075301 0.024335820 0.998128235
1341846332.354003 0.001207233 -0.008384111 0.052478537 0.057521157 0.009866241 0.022706196 0.998037279
1341846332.422055 0.000447714 -0.005678811 0.056272663 0.058277849 0.017292647 0.016413216 0.998015642
1341846332.458114 0.001455331 -0.006307277 0.058013484 0.057505917 0.018938394 0.012729733 0.998084307
1341846332.489993 -0.000174321 -0.005476410 0.059693985 0.058778435 0.021640325 0.013775452 0.997941375
1341846332.522130 -0.001709907 -0.004752976 0.061103832 0.058358889 0.018578349 0.018800253 0.997945666
1341846332.558114 -0.001340979 -0.005410504 0.062587038 0.058207411 0.013016130 0.025461225 0.997894883
1341846332.621889 0.001283965 -0.002855218 0.062351566 0.054913741 0.008660071 0.032955080 0.997909546
1341846332.658202 0.001698509 -0.004884279 0.060332190 0.049904529 0.009141398 0.031630930 0.998211145
1341846332.758386 0.002090917 -0.003237940 0.068977535 0.048568074 0.006405462 0.038099997 0.998072386
1341846332.789937 0.003886527 -0.003399348 0.065286510 0.047501270 0.006289000 0.036811016 0.998172820
1341846332.825925 0.004024009 -0.003712781 0.067430235 0.044933081 0.008796184 0.035387345 0.998324275
1341846332.857898 0.004015597 -0.003821641 0.069228612 0.045836698 0.010298724 0.034776691 0.998290300
1341846332.894069 0.004161963 -0.001810755 0.070378788 0.046681475 0.010278540 0.034677889 0.998254836
1341846332.958015 0.005984686 -0.000638627 0.072836354 0.040731963 0.012070077 0.030598400 0.998628557
1341846332.994073 0.006138673 0.000010384 0.074340850 0.038173582 0.013456247 0.029061455 0.998757780
1341846333.026545 0.007155114 0.000230384 0.075634323 0.035701152 0.014045281 0.026995251 0.998899102
1341846333.057998 0.007664986 0.000266102 0.076905981 0.034520380 0.016354492 0.026255563 0.998925209
1341846333.094024 0.008077451 0.000259733 0.078222550 0.034926452 0.017836126 0.030085184 0.998777688
1341846333.126095 0.009293281 0.001006160 0.079102978 0.035899021 0.018796857 0.032756120 0.998641551
1341846333.161973 0.010075709 0.002175197 0.079599157 0.035287429 0.021107400 0.034457829 0.998559952
1341846333.195660 0.009642686 0.002128166 0.080976635 0.032531366 0.023736041 0.035613716 0.998553932
1341846333.226331 0.009897036 0.002209385 0.083013974 0.031548988 0.024186432 0.035578094 0.998575926
1341846333.262056 0.009993232 0.003040006 0.080664717 0.028765488 0.024282262 0.034209833 0.998705506
1341846333.294147 0.008998577 0.001805187 0.080551818 0.024506664 0.024841273 0.032910582 0.998848975
