1341846313.922055 0.031003565 0.003249882 0.002469669 -0.001937840 -0.006291084 0.003250133 0.999963403
1341846314.357905 0.055391490 0.003188393 0.005441340 -0.018971268 0.035535119 0.014669097 0.999075830
1341846314.458114 0.077547155 0.006729468 0.007532128 -0.016430791 0.036003195 0.011247640 0.999153256
1341846314.594085 0.071140379 0.002834498 0.006759311 -0.015578991 0.057196058 0.002067260 0.998234451
1341846314.626096 0.071006656 0.005131464 0.002047664 -0.014635444 0.062301494 0.004646931 0.997934401
1341846314.658455 0.072632127 0.005008311 0.001137949 -0.016928986 0.064574130 0.004174887 0.997755766
1341846314.694004 0.057863735 -0.001107735 0.000464543 -0.018423179 0.076324053 0.001800665 0.996906400
1341846314.725910 0.061697409 -0.005535908 0.002023665 -0.016411206 0.078942642 0.004749448 0.996727943
1341846314.761942 0.099458203 -0.001694113 0.009218274 -0.011138227 0.063286871 0.012472062 0.997855306
1341846314.794030 0.075059392 -0.001413774 0.000809768 -0.007363756 0.076981574 0.011151167 0.996942937
1341846314.826092 0.084345780 0.004442907 0.000044213 -0.002873327 0.077314608 0.013627191 0.996909440
1341846314.862145 0.088398293 0.004192528 -0.002283182 -0.003270382 0.079640396 0.015452780 0.996698499
1341846314.894072 0.078657784 0.001529077 -0.001731833 -0.004358808 0.089625753 0.014162861 0.995865285
1341846314.925969 0.137868673 0.005694424 0.006642805 -0.003480776 0.073047265 0.020188564 0.997118056
1341846314.961937 0.138715446 0.006950961 0.002643308 -0.006861288 0.073894247 0.026048854 0.996902227
1341846314.994564 0.086077765 0.002208481 -0.002941004 -0.011012114 0.093850717 0.021101214 0.995301723
1341846315.029900 0.085563637 0.002455474 -0.003533288 -0.010700623 0.099346295 0.018266061 0.994827688
1341846315.061965 0.085306510 0.001273833 -0.001964564 -0.012025977 0.102123581 0.022457168 0.994445503
1341846315.094388 0.085340351 0.001350568 -0.002045992 -0.011279165 0.101529665 0.021275895 0.994540989
1341846315.129851 0.140401125 0.009948792 -0.000832720 -0.006277114 0.080976427 0.024396563 0.996397614
1341846315.161941 0.093963802 -0.004516485 -0.012332376 -0.016415145 0.099557579 0.026838390 0.994534314
1341846315.197984 0.101390764 -0.000070777 -0.005680867 -0.021256121 0.093785532 0.021039244 0.995143116
1341846315.230076 0.100825123 0.000005426 -0.005671894 -0.024267796 0.094202854 0.018063918 0.995093286
1341846315.262069 0.099580429 0.000160894 -0.007272732 -0.027365645 0.092717238 0.020818200 0.995098591
1341846315.298000 0.102750421 0.002821668 0.000704465 -0.027683441 0.087905824 0.023873759 0.995457768
1341846315.329931 0.108111106 -0.000444068 0.010234620 -0.024777211 0.084853210 0.022962688 0.995820642
1341846315.361981 0.187311530 0.009756988 0.013994021 -0.016326236 0.059917148 0.030851699 0.997592866
1341846315.397962 0.105399586 -0.000331279 0.002772154 -0.016521130 0.087516539 0.031459641 0.995529115
1341846315.429923 0.105400950 0.001606701 0.001309920 -0.012682979 0.090239294 0.032310810 0.995315015
1341846315.466047 0.162931636 0.009094352 0.002548557 -0.009954329 0.071637765 0.038106903 0.996652782
1341846315.497883 0.162415057 0.008931035 0.003384840 -0.011197450 0.074980654 0.041590847 0.996254325
1341846315.530008 0.111761488 0.001489360 -0.000056634 -0.013264787 0.096905410 0.039737076 0.994411588
1341846315.566108 0.116301112 0.001381843 -0.003382908 -0.014520046 0.096603520 0.042644724 0.994302928
1341846315.597986 0.192071423 0.011168210 0.009840149 -0.011577490 0.075003013 0.041813169 0.996239007
1341846315.630109 0.190938249 0.010745475 0.008803908 -0.011531460 0.076937251 0.040264014 0.996155858
1341846315.666042 0.188256145 0.011694749 0.005596496 -0.012326766 0.079970971 0.039633956 0.995932639
1341846315.698114 0.189681903 0.010801886 0.006512921 -0.018885069 0.083324075 0.037864596 0.995623767
1341846315.733985 0.189582914 0.009132806 0.011465013 -0.021331493 0.085504390 0.039031476 0.995344400
1341846315.766041 0.186892509 0.010318011 0.008873422 -0.020486804 0.083914600 0.039859753 0.995464623
1341846315.798188 0.191057265 0.009002027 0.010115242 -0.022069376 0.081462458 0.039708298 0.995640516
1341846315.834140 0.191247523 0.009959765 0.013886580 -0.020148436 0.083329819 0.037819117 0.995600283
1341846315.866751 0.186675161 0.007648424 0.003785212 -0.018356605 0.086209148 0.036169276 0.995451093
1341846315.898492 0.191060320 0.008389532 0.011098418 -0.017327853 0.084455870 0.037410218 0.995573878
1341846315.936901 0.189563647 0.008611861 0.010990620 -0.013712119 0.086476281 0.036653802 0.995484948
1341846315.966572 0.188815787 0.008679133 0.011119936 -0.010286572 0.087304637 0.035348777 0.995501101
1341846316.002119 0.187017813 0.008009234 0.011037603 -0.008747145 0.087173373 0.034237508 0.995566189
1341846316.034204 0.181723177 0.005968206 0.003924366 -0.007229563 0.088913254 0.033104241 0.995462894
1341846316.066113 0.178074419 0.006419051 0.005063348 -0.004411296 0.089882128 0.033029672 0.995394766
1341846316.101867 0.174733117 0.007347256 0.001788087 -0.002914544 0.088913150 0.034140173 0.995449901
1341846316.134066 0.173135877 0.006882968 0.003487149 -0.004194351 0.085396580 0.031349137 0.995844901
1341846316.169952 0.171238393 0.006097317 0.004142920 -0.004151708 0.083117731 0.028945751 0.996110618
1341846316.202049 0.168652326 0.006133774 0.004451232 -0.003419793 0.080646895 0.027279804 0.996363521
1341846316.233979 0.169293612 0.006789700 0.002013417 -0.002813809 0.078514293 0.026130155 0.996566534
1341846316.270052 0.165370330 0.006422526 0.001836753 -0.004285037 0.080726989 0.021709634 0.996490598
1341846316.301915 0.163031891 -0.003544576 0.007146029 -0.006708138 0.083503611 0.018138912 0.996319771
1341846316.334208 0.152161717 0.001521892 0.004884893 -0.003724546 0.084823199 0.021162679 0.996164322
1341846316.370006 0.151318103 0.003055995 0.004715074 -0.000526952 0.082718559 0.021495067 0.996340990
1341846316.401994 0.147639811 0.003637763 0.003415424 0.001262874 0.082704842 0.023765177 0.996289909
1341846316.438069 0.153470293 -0.004840347 0.009088583 0.001016435 0.080600969 0.023834132 0.996460915
1341846316.470076 0.145111918 -0.000444067 0.003803059 0.006858001 0.080707982 0.028996067 0.996292353
1341846316.502034 0.147570491 -0.002789278 0.002328480 0.007607940 0.077424355 0.029282266 0.996539056
1341846316.537975 0.144683555 -0.002544921 0.001242807 0.004934167 0.074885301 0.026852475 0.996818304
1341846316.570121 0.141643971 -0.006443260 0.005348718 0.003860146 0.075108394 0.023310820 0.996895373
1341846316.601885 0.139152139 -0.006270876 0.005087497 0.006260494 0.074581355 0.022108108 0.996950150
1341846316.638009 0.135445833 -0.008160735 0.003772620 0.008006842 0.073668897 0.023278343 0.996978879
1341846316.669925 0.133290634 -0.009395212 0.005041474 0.010175557 0.072978474 0.023199186 0.997011721
1341846316.705941 0.131014988 -0.011286852 0.002333973 0.014213987 0.072865881 0.023566755 0.996961951
1341846316.738062 0.120620050 -0.008242963 0.000668496 0.017110124 0.074340865 0.027602937 0.996703923
1341846316.770433 0.120814443 -0.007091917 0.001486555 0.016246252 0.072297804 0.028170846 0.996852756
1341846316.805932 0.081336521 -0.011033532 0.005136990 0.015482415 0.078790173 0.029543050 0.996333063
1341846316.838029 0.090284124 -0.006649111 0.005729743 0.018653924 0.074689806 0.030776164 0.996557236
1341846316.870034 0.072506443 -0.008649249 0.006924798 0.018282864 0.074507453 0.032048319 0.996537626
1341846316.906344 0.071700722 -0.009422216 0.005926015 0.019076876 0.070655331 0.031715322 0.996813953
1341846316.937940 0.067431994 -0.006648889 0.005027509 0.020018589 0.070288911 0.028420027 0.996920764
1341846316.973994 0.065191336 -0.006770382 0.004644765 0.019108884 0.068214163 0.028912816 0.997068584
1341846317.005913 0.059703492 -0.008802167 0.006503304 0.017256886 0.066412047 0.029462129 0.997207880
1341846317.037936 0.057264127 -0.011227243 0.007486423 0.017128341 0.064011186 0.028481761 0.997395575
1341846317.073972 0.053592160 -0.012205292 0.006799135 0.018050896 0.062784672 0.029199185 0.997436523
1341846317.106113 0.051818132 -0.013886192 0.009746749 0.020299701 0.060697280 0.033201519 0.997397304
1341846317.137887 0.043712813 -0.014150586 0.005300761 0.023334496 0.055589084 0.035607949 0.997545719
1341846317.173970 0.031583201 -0.010040284 0.008233335 0.024932506 0.051841844 0.038380511 0.997605979
1341846317.205887 0.034264512 -0.012449486 0.009763062 0.024954736 0.046897370 0.039898563 0.997790575
1341846317.248131 0.028349796 -0.014825923 0.010994438 0.025673928 0.045055855 0.041322041 0.997799218
1341846317.273950 0.025987701 -0.012292825 0.010834916 0.027677951 0.040721644 0.043531004 0.997838020
1341846317.306289 0.023717720 -0.012722895 0.007952193 0.027908145 0.038895901 0.045883801 0.997799039
1341846317.348137 0.025965439 -0.014241226 0.010105317 0.028873334 0.038585685 0.047694743 0.997698724
1341846317.373974 0.018311189 -0.011825173 0.009164919 0.030899806 0.040876798 0.050091621 0.997429252
1341846317.410120 0.015144327 -0.012572420 0.010087439 0.030906254 0.039597966 0.053065933 0.997326851
1341846317.442569 0.015890900 -0.017056325 0.011856344 0.032623112 0.039143223 0.056241266 0.997116029
1341846317.474010 0.005314446 -0.016387669 0.010442620 0.038006898 0.042346679 0.057848956 0.996702433
1341846317.509927 -0.001962877 -0.011286777 0.007536811 0.041967135 0.041430771 0.061037172 0.996391833
1341846317.542282 -0.005427819 -0.010755797 0.006820452 0.041251838 0.038801894 0.061726876 0.996485054
1341846317.573943 -0.004207466 -0.013641218 0.010050603 0.040521517 0.038954571 0.061154995 0.996544302
1341846317.610159 -0.009813159 -0.016071143 0.011976978 0.042676829 0.041890856 0.061610058 0.996307194
1341846317.643553 -0.018640727 -0.014629669 0.009338486 0.045435127 0.042760164 0.063857943 0.996006727
1341846317.677993 -0.023928862 -0.014823920 0.015418006 0.046254601 0.040221311 0.065193653 0.995988250
1341846317.709996 -0.030895988 -0.017816715 0.010036578 0.048098512 0.038488582 0.064722911 0.996000051
1341846317.741834 -0.008331285 -0.009656131 0.014900849 0.049958691 0.033868350 0.065334924 0.996036351
1341846317.777923 -0.040880378 -0.013747566 0.009938255 0.047292627 0.037267365 0.064068146 0.996127427
1341846317.810021 -0.046229962 -0.015597976 0.010464255 0.046648081 0.036279537 0.062269583 0.996308327
1341846317.841886 -0.052447759 -0.012809827 0.008725990 0.046333890 0.036117975 0.059240036 0.996513546
1341846317.878017 -0.053304888 -0.011917211 0.012045106 0.044152234 0.035430372 0.056279354 0.996808827
1341846317.909910 -0.055006664 -0.014558828 0.010764847 0.042902071 0.036420222 0.053628992 0.996973872
1341846317.946031 -0.062568299 -0.017172311 0.010949743 0.043637868 0.038560178 0.054494534 0.996814549
1341846317.978041 -0.038941815 -0.014560712 0.020134110 0.046677649 0.033535376 0.056430176 0.996750772
1341846318.009897 -0.040309347 -0.014697704 0.016942281 0.048863236 0.033460394 0.054528773 0.996754408
1341846318.045949 -0.046802260 -0.012066471 0.016012207 0.049559835 0.035222594 0.053053651 0.996738911
1341846318.078074 -0.053859085 -0.013508901 0.016963929 0.048546392 0.034710456 0.051682383 0.996878803
1341846318.109894 -0.061682314 -0.013220461 0.017776320 0.048360284 0.031907808 0.049206369 0.997106791
1341846318.145957 -0.062301144 -0.013033690 0.016830202 0.047568873 0.029272998 0.046786174 0.997342110
1341846318.178001 -0.065308645 -0.014376195 0.016238440 0.046606768 0.029842276 0.043273319 0.997529268
1341846318.214074 -0.068426244 -0.016182004 0.018546699 0.047068775 0.028853450 0.042095751 0.997587025
1341846318.245970 -0.076645374 -0.020683497 0.019173533 0.049141597 0.024634600 0.042642362 0.997576952
1341846318.278018 -0.079036050 -0.020049116 0.016918382 0.053283099 0.019467834 0.043171424 0.997455835
1341846318.313937 -0.089892827 -0.020775111 0.012668333 0.054703433 0.015431322 0.042369071 0.997483969
1341846318.345989 -0.096711248 -0.022659888 0.013271681 0.056067597 0.007427345 0.041745752 0.997526228
1341846318.382046 -0.099686146 -0.021904329 0.014466438 0.058263868 0.000193868 0.039656881 0.997513235
1341846318.414072 -0.108654164 -0.023741366 0.011216737 0.059394520 -0.005117713 0.040704489 0.997391164
1341846318.446035 -0.107417598 -0.024936397 0.010923434 0.061335985 -0.012312349 0.040630423 0.997213840
1341846318.482196 -0.108116202 -0.021430882 0.011321182 0.063496612 -0.014995743 0.040183704 0.997059941
1341846318.514144 -0.113708250 -0.021755449 0.010935151 0.063464366 -0.015461598 0.041042212 0.997019947
1341846318.546259 -0.116284326 -0.026214730 0.009164747 0.064126611 -0.016943032 0.041296627 0.996942937
1341846318.582042 -0.080605984 -0.017117016 0.010158681 0.066720262 -0.021106275 0.039326817 0.996772945
1341846318.614115 -0.124238186 -0.022419421 0.007311770 0.065834761 -0.016205367 0.040123239 0.996891797
1341846318.650038 -0.125342607 -0.023120329 0.005244110 0.065388463 -0.017241791 0.037832931 0.996993303
1341846318.682350 -0.131349936 -0.022496715 0.006101612 0.065156914 -0.017110569 0.035926625 0.997081280
1341846318.714063 -0.098646775 -0.016694667 0.009379349 0.065391235 -0.022160370 0.033900980 0.997037411
1341846318.749905 -0.101527192 -0.019240944 0.009640494 0.065664455 -0.022255247 0.035210282 0.996971965
1341846318.782036 -0.107920013 -0.018046170 0.010387480 0.067722872 -0.021960499 0.036989596 0.996776342
1341846318.814121 -0.118523538 -0.018889934 0.005499993 0.067432098 -0.024976525 0.035452515 0.996780932
1341846318.850072 -0.124030799 -0.021055594 0.006239293 0.067512609 -0.030304642 0.032868121 0.996716321
1341846318.883516 -0.131958365 -0.026572023 0.007546331 0.069339104 -0.036099784 0.031092502 0.996454775
1341846318.918047 -0.143274263 -0.022239368 0.007950710 0.073364884 -0.045775641 0.029459057 0.995818436
1341846318.950044 -0.140825853 -0.024562189 0.002840396 0.074584678 -0.057669230 0.027114948 0.995176435
1341846318.982028 -0.146048680 -0.020163665 -0.001881408 0.077120595 -0.061294850 0.023510806 0.994858086
1341846319.018123 -0.163552731 -0.039616842 -0.061351828 0.068556055 -0.060441229 0.027305303 0.995440245
1341846319.050745 -0.161100090 -0.030225342 -0.007911991 0.075806238 -0.071368612 0.022648886 0.994307280
1341846319.081905 -0.156404451 -0.027060483 -0.003005160 0.082082756 -0.072888389 0.020622540 0.993742645
1341846319.117976 -0.167954639 -0.021219829 -0.005313937 0.085729666 -0.070509434 0.025011551 0.993505538
1341846319.150093 -0.170208469 -0.023466621 0.001965977 0.087618433 -0.074949227 0.032379985 0.992802680
1341846319.186069 -0.161797419 -0.034967743 -0.058723707 0.082158312 -0.075360969 0.038022313 0.993038297
1341846319.218149 -0.160074949 -0.025566224 -0.054511577 0.080487460 -0.070894949 0.036348790 0.993566513
1341846319.250034 -0.167039335 -0.026380613 -0.054420833 0.074134909 -0.063798010 0.035800178 0.994561255
1341846319.286594 -0.172163427 -0.032638032 -0.054643877 0.071135439 -0.060474843 0.039434876 0.994850457
1341846319.318034 -0.171793923 -0.033316523 -0.053532615 0.071938872 -0.060194515 0.042915180 0.994665623
1341846319.350268 -0.181227803 -0.034935012 -0.057235420 0.072302654 -0.058479615 0.048998635 0.994460464
1341846319.386163 -0.196601540 -0.020301217 0.008172734 0.082556009 -0.063678704 0.051241659 0.993228972
1341846319.418386 -0.200444520 -0.020269861 -0.000716936 0.083474666 -0.068926603 0.052681264 0.992726445
1341846319.453961 -0.201303914 -0.014308002 0.011251584 0.085166581 -0.071854979 0.050040007 0.992511690
1341846319.486271 -0.163346931 -0.016015776 0.007478176 0.083524257 -0.076359719 0.047495898 0.992439926
1341846319.518456 -0.173137590 -0.013753869 0.002746083 0.080823980 -0.078140266 0.048302941 0.992486000
1341846319.554083 -0.170674458 -0.018419338 0.008660313 0.077674694 -0.081862450 0.046791457 0.992509782
1341846319.586296 -0.177605376 -0.019437876 0.003021272 0.077769928 -0.080616623 0.043243386 0.992765248
1341846319.622031 -0.189549461 -0.018511085 -0.005000584 0.076532207 -0.081792660 0.039642733 0.992915571
1341846319.653962 -0.190791577 -0.022647249 -0.001894128 0.075038530 -0.087157533 0.038064159 0.992634833
1341846319.686352 -0.194486365 -0.023616862 -0.004264716 0.076534085 -0.090840377 0.039822940 0.992121279
1341846319.721992 -0.200658277 -0.018889878 -0.005747646 0.078136861 -0.094343208 0.040786121 0.991630256
1341846319.754063 -0.200718045 -0.011971718 -0.003027216 0.075997718 -0.096931927 0.039962184 0.991580367
1341846319.786397 -0.202389121 -0.013298763 -0.002973076 0.071431823 -0.097108915 0.044306703 0.991717815
1341846319.822008 -0.205152318 -0.012991018 -0.011839116 0.067967840 -0.097346611 0.048344057 0.991749406
1341846319.853917 -0.209323764 -0.011051569 -0.007612806 0.063482173 -0.098149464 0.052347582 0.991764307
1341846319.889942 -0.211898297 -0.018396806 -0.005485047 0.059268426 -0.098480150 0.056980453 0.991736948
1341846319.922039 -0.219840765 -0.022078365 -0.010160357 0.058501832 -0.101119503 0.057893686 0.991463900
1341846319.953946 -0.218729138 -0.024420179 -0.010588702 0.058674492 -0.107765861 0.055570062 0.990886390
1341846319.990054 -0.216450572 -0.024055194 -0.009126835 0.061357699 -0.111416116 0.048275039 0.990702391
1341846320.028122 -0.218985736 -0.023958081 -0.009229586 0.063481979 -0.114542410 0.045925692 0.990323603
1341846320.054177 -0.217605144 -0.023927808 -0.010792091 0.066683382 -0.120740198 0.046437554 0.989352703
1341846320.090047 -0.208846584 -0.018179985 -0.005875796 0.069625832 -0.123930961 0.046991780 0.988729060
1341846320.122011 -0.201996788 -0.017154228 -0.003115755 0.070471227 -0.123013951 0.048401095 0.988715708
1341846320.157952 -0.199767664 -0.018457597 -0.003268335 0.070398316 -0.120211191 0.048952062 0.989038408
1341846320.190003 -0.188522488 -0.024844985 0.002012838 0.072100312 -0.118445009 0.047620185 0.989193976
1341846320.221941 -0.188359305 -0.022170719 0.007385321 0.076906875 -0.114944071 0.048283834 0.989212751
1341846320.258015 -0.185678780 -0.023381069 0.011843517 0.080962755 -0.114347234 0.051243640 0.988809288
1341846320.289887 -0.173839420 -0.025574051 0.008688983 0.085311241 -0.116792589 0.052197427 0.988107741
1341846320.321954 -0.165567726 -0.024072241 0.015029665 0.094707072 -0.119322121 0.051769540 0.986971498
1341846320.357890 -0.156588003 -0.016639531 0.016076397 0.101336539 -0.120049343 0.053128283 0.986152351
1341846320.390064 -0.149960220 -0.023607066 0.012810960 0.101716302 -0.116970628 0.053789414 0.986447334
1341846320.426544 -0.133611262 -0.026240341 0.015240101 0.103841148 -0.111571610 0.050336752 0.987033427
1341846320.458122 -0.135353208 -0.025753330 0.015604950 0.105241574 -0.103092164 0.046668671 0.987986982
1341846320.490186 -0.122720569 -0.031163473 0.019562464 0.107746162 -0.097431466 0.046605192 0.988294423
1341846320.525911 -0.121813089 -0.028080147 0.019872768 0.111957580 -0.089604385 0.045295686 0.988627791
1341846320.558091 -0.114321530 -0.026307281 0.014448928 0.113032356 -0.086254746 0.041614890 0.988965094
1341846320.594093 -0.096137568 -0.034838364 0.015131656 0.112725787 -0.083521798 0.037249386 0.989408672
1341846320.631955 -0.124796502 -0.023032714 0.015323758 0.117223479 -0.071666338 0.037837632 0.989793360
1341846320.664916 -0.121189162 -0.021818718 0.011787992 0.117358290 -0.069283314 0.036201250 0.990008235
1341846320.699927 -0.109097756 -0.024036741 0.017693540 0.117073536 -0.067493908 0.034713909 0.990218818
1341846320.731822 -0.101509206 -0.022890471 0.016536888 0.119284853 -0.061352596 0.033941578 0.990381241
1341846320.763877 -0.106243238 -0.004393431 0.011554494 0.119728148 -0.058818098 0.033969566 0.990480542
1341846320.799999 -0.089835182 -0.019915763 0.008845299 0.109883159 -0.062516123 0.029224427 0.991545916
1341846320.831871 -0.058111984 -0.022854760 0.025277859 0.111497819 -0.057696525 0.026288133 0.991739988
1341846320.863887 -0.086947806 -0.011127129 0.012103958 0.111693032 -0.042438425 0.026082776 0.992493510
1341846320.900014 -0.085556477 -0.018636080 0.012185008 0.103548117 -0.047296472 0.030829320 0.993020833
1341846320.931889 -0.061856650 -0.025007691 0.018049769 0.103813104 -0.050501280 0.030005481 0.992860556
1341846320.967866 -0.067001686 -0.009427508 0.013837078 0.105593666 -0.043806419 0.026234591 0.993097544
1341846321.000017 -0.069518082 -0.014621845 0.009694983 0.098603979 -0.042814162 0.024312202 0.993907988
1341846321.031860 -0.078731008 -0.021986732 0.011129731 0.095856503 -0.040954560 0.022939596 0.994287729
1341846321.068047 -0.074236088 -0.017969087 0.010048500 0.096766964 -0.037805110 0.020379551 0.994379997
1341846321.099840 -0.072687909 -0.018946506 0.007855402 0.094127320 -0.036354467 0.020951394 0.994675517
1341846321.131821 -0.059365042 -0.025752129 0.009625813 0.093430892 -0.036484603 0.022630787 0.994699657
1341846321.167887 -0.056742661 -0.022571729 0.009520223 0.096676692 -0.032324083 0.022993376 0.994525075
1341846321.200042 -0.053154804 -0.020002335 0.010847414 0.097412132 -0.030267611 0.022688404 0.994525015
1341846321.231950 -0.048551414 -0.023665577 0.009900142 0.096153550 -0.029606543 0.021371910 0.994696498
1341846321.267939 -0.036781028 -0.021061365 0.009336025 0.096961193 -0.028882399 0.016758027 0.994727850
1341846321.299948 -0.030880658 -0.022035036 0.013523261 0.095539324 -0.024808889 0.010732375 0.995058537
1341846321.331858 -0.031041471 -0.024725704 0.012803014 0.095355012 -0.021508127 0.006881073 0.995187163
1341846321.367913 -0.019417938 -0.027581852 0.014019219 0.096526295 -0.020227265 0.002467192 0.995121837
1341846321.399897 -0.059480470 -0.030042136 0.016226051 0.098410927 -0.010098115 0.003163810 0.995089591
1341846321.435994 -0.057468589 -0.033266488 0.016436053 0.099344753 -0.006657204 0.002769906 0.995026946
1341846321.467946 -0.026377536 -0.024428776 0.016790513 0.102273770 -0.007543917 0.002113331 0.994725406
1341846321.499882 -0.016989885 -0.024594083 0.017952716 0.103752993 -0.005827159 0.002883652 0.994581819
1341846321.536109 -0.003690565 -0.018286275 0.017681668 0.104332402 -0.002036961 -0.000106339 0.994540393
1341846321.568960 -0.008914750 -0.015844718 0.017556930 0.101368748 0.005675033 -0.002609364 0.994829297
1341846321.603938 -0.006053812 -0.018535066 0.019739574 0.097810842 0.007951989 -0.002718739 0.995169520
1341846321.637163 0.016805418 -0.013456052 0.013449614 0.095951699 0.009718375 -0.002985025 0.995334089
1341846321.668306 0.007882021 -0.013084758 0.020079665 0.091470592 0.020445708 -0.000177852 0.995597839
1341846321.704411 0.000072530 -0.015054693 0.024231726 0.088007987 0.023065077 0.007372873 0.995825410
1341846321.736861 0.006437400 -0.013822326 0.023090243 0.087107718 0.019742249 0.015439994 0.995883584
1341846321.771881 0.015350635 -0.005773646 0.021926813 0.085683636 0.018380612 0.021007331 0.995931268
1341846321.804114 0.020207748 -0.006871034 0.023878040 0.081324659 0.020266492 0.023529392 0.996203780
1341846321.836152 0.021262761 -0.003440736 0.024660334 0.078881316 0.022560040 0.024538113 0.996326566
1341846321.871882 0.026373776 0.003675925 0.025227552 0.074710391 0.023119422 0.022043478 0.996693492
1341846321.904074 0.031147992 0.001715600 0.026254592 0.067982413 0.023841506 0.019076481 0.997219145
1341846321.939847 0.032915644 -0.000236247 0.026050150 0.063709147 0.026905902 0.015940472 0.997478426
1341846322.004094 0.028807580 -0.002671843 0.028516859 0.056480370 0.025660766 0.015140812 0.997959077
1341846322.034203 0.039605517 -0.005320436 0.027113285 0.054354250 0.024754440 0.014434055 0.998110473
1341846322.066178 0.040209513 -0.005783391 0.027679712 0.051470123 0.028946377 0.012219717 0.998180151
1341846322.107979 0.037348177 -0.014720781 0.029029043 0.048020523 0.031567946 0.010769748 0.998289287
1341846322.133980 0.038455520 -0.024874235 0.028272025 0.048143033 0.031932704 0.008777470 0.998291314
1341846322.166164 0.035473593 -0.027542777 0.028742477 0.050193209 0.031784017 0.010124790 0.998182297
1341846322.202932 0.037997697 -0.030634286 0.027979519 0.051182333 0.028878255 0.010860191 0.998212636
1341846322.234093 0.038210645 -0.032422308 0.025688101 0.049949627 0.027387545 0.008510498 0.998339891
1341846322.265941 0.038496152 -0.039002202 0.024495680 0.046657532 0.024464877 0.009004066 0.998570681
1341846322.301996 0.042429578 -0.046770826 0.024525501 0.044251759 0.022069568 0.009841463 0.998728096
1341846322.333949 0.013466456 -0.044618975 0.024544684 0.043995470 0.024363037 0.010034970 0.998684227
1341846322.369871 0.043187041 -0.063910887 0.023972064 0.042672157 0.014759157 0.006366393 0.998959839
1341846322.402292 0.050919868 -0.070594132 0.024163784 0.043857355 0.014836130 0.000255112 0.998927593
1341846322.433955 0.044839822 -0.090522692 0.022410601 0.045928523 0.017492147 -0.003223907 0.998786390
1341846322.470030 0.042142142 -0.094525293 0.026028913 0.054388136 0.013885182 -0.000470885 0.998423219
1341846322.502433 0.028441966 -0.096196152 0.019107748 0.059836183 0.012037801 0.003624573 0.998129070
1341846322.534002 0.055783920 -0.118406802 0.020363782 0.065506965 0.007873615 0.005422651 0.997806311
1341846322.570196 0.052557986 -0.122123212 0.027571380 0.075781085 0.008372652 0.006447904 0.997068465
1341846322.601920 0.025036450 -0.114989460 0.023296131 0.082476199 0.009285873 0.010049908 0.996499121
1341846322.638119 0.057846580 -0.134719789 0.025484446 0.085598744 0.001317501 0.009208085 0.996286273
1341846322.669947 0.040605642 -0.126201853 0.025838630 0.092055351 0.006432633 0.008302406 0.995698512
1341846322.702026 0.031583410 -0.132217661 0.024801487 0.094561264 0.009953112 0.009765594 0.995421410
1341846322.738006 0.034448311 -0.132421061 0.023582565 0.096123494 0.006683290 0.011948898 0.995275259
1341846322.770087 0.040740628 -0.144336492 0.026405077 0.094946183 0.006457841 0.011124731 0.995399296
1341846322.806047 0.032916486 -0.149674758 0.029495938 0.098200135 0.007654909 0.012735210 0.995055735
1341846322.838063 0.030794440 -0.150441051 0.028573733 0.100493446 0.003725417 0.014369184 0.994826972
1341846322.870081 0.036307190 -0.161073551 0.028130108 0.101184390 -0.002400264 0.016062846 0.994735062
1341846322.906018 0.043578956 -0.165529728 0.030684650 0.105928756 -0.005288602 0.015231320 0.994242966
1341846322.938349 0.063442476 -0.166883111 0.029399578 0.106424198 -0.006605763 0.016716734 0.994158328
1341846322.970069 0.042644087 -0.161492735 0.029308807 0.102242276 -0.004291421 0.018748842 0.994573593
1341846323.011820 0.043635365 -0.169605225 0.030741125 0.099087209 -0.003986702 0.018389806 0.994900823
1341846323.038050 0.042342309 -0.167704225 0.031447221 0.099132270 -0.003643271 0.021169823 0.994842350
1341846323.073951 0.009039507 -0.111388154 0.031584371 0.103867523 0.000294316 0.024756305 0.994282961
1341846323.105962 0.044298362 -0.176921830 0.032933950 0.092750832 -0.004342529 0.023187337 0.995409846
1341846323.138158 0.009452251 -0.122171223 0.030793706 0.100606352 0.000523705 0.020860469 0.994707465
1341846323.174092 0.008691101 -0.122214727 0.031122889 0.098597541 0.000072198 0.019975174 0.994926870
1341846323.206059 0.012708854 -0.124128141 0.030173946 0.095760599 -0.001019753 0.017494492 0.995250106
1341846323.238053 0.015340220 -0.124484196 0.033327762 0.093357787 0.001526387 0.015602370 0.995509207
1341846323.273997 0.007497213 -0.127005845 0.027845228 0.088600174 0.003360355 0.016381443 0.995926857
1341846323.305946 0.010003725 -0.131636158 0.031772882 0.083243698 -0.001426220 0.017433912 0.996375680
1341846323.342027 0.023066305 -0.140316680 0.035066169 0.080384493 -0.001731633 0.015421976 0.996643126
1341846323.374048 0.010394326 -0.144955218 0.033939764 0.080247127 0.003921362 0.016783282 0.996625960
1341846323.405987 0.003078679 -0.149970815 0.030209068 0.079726569 0.001037160 0.022004591 0.996573329
1341846323.441956 0.012260931 -0.157365635 0.029799096 0.080373317 -0.004659787 0.023183508 0.996484280
1341846323.473878 0.014231560 -0.165055230 0.031538654 0.083813079 -0.003486337 0.021599177 0.996241271
1341846323.506129 0.011017111 -0.157540619 0.031121926 0.087496668 -0.003202201 0.019257735 0.995973527
1341846323.541972 0.015661029 -0.156053990 0.030129192 0.086059757 -0.003995480 0.018015418 0.996119022
1341846323.573913 0.019157726 -0.144858271 0.032228515 0.087017745 -0.000599243 0.012988914 0.996121883
1341846323.642014 0.012399269 -0.171380416 0.030914253 0.083486728 0.008531332 0.008814000 0.996433377
1341846323.674081 0.011136697 -0.176984534 0.030925537 0.082986347 0.006992662 0.010979354 0.996465623
1341846323.710069 0.012504173 -0.185645640 0.030297723 0.083719231 0.005409431 0.014923097 0.996362925
1341846323.742111 0.004925621 -0.172480494 0.029668599 0.089934580 0.004661613 0.016491417 0.995800197
1341846323.774928 0.004886135 -0.171037316 0.026761120 0.093659155 0.002447054 0.013777600 0.995505989
1341846323.810012 0.007032246 -0.174653724 0.024024501 0.094694145 0.000967979 0.010018840 0.995455503
1341846323.878019 0.004764369 -0.182622090 0.020694837 0.095927365 0.000849984 0.000862426 0.995387614
1341846323.909826 0.005857116 -0.190775916 0.022696469 0.098361500 -0.001180164 -0.003783474 0.995142877
1341846323.942459 0.010341042 -0.208451420 0.022346862 0.100441851 -0.001779869 -0.004665479 0.994930387
1341846323.978055 -0.000155348 -0.193145975 0.021417737 0.104603857 -0.002924193 -0.002791984 0.994505763
1341846324.015934 0.004522248 -0.194957241 0.020035900 0.108207047 -0.005926714 -0.002928226 0.994106412
1341846324.047722 0.006596793 -0.191182345 0.022402100 0.112133741 -0.004667790 -0.003635678 0.993675530
1341846324.083904 0.005704226 -0.183896318 0.021015182 0.113196932 -0.003115855 -0.004214092 0.993558764
1341846324.115968 0.008146944 -0.182515770 0.020575307 0.110834956 -0.001815228 -0.005509334 0.993821919
1341846324.151967 0.012375462 -0.176937178 0.022131238 0.111207739 0.000357103 -0.009430273 0.993752360
1341846324.183941 0.010484480 -0.168380708 0.025561146 0.109451115 0.004597245 -0.012647276 0.993901074
1341846324.219984 0.009894279 -0.160531417 0.028812364 0.106166482 0.006842105 -0.012647184 0.994244397
1341846324.251968 0.010612248 -0.181142062 0.026957542 0.102824576 0.006812147 -0.013129693 0.994589508
1341846324.284052 0.006441974 -0.154465884 0.029885627 0.106398098 0.006667929 -0.013164821 0.994214058
1341846324.319880 0.003839708 -0.146154642 0.032472037 0.106128193 0.003808106 -0.013811408 0.994249225
1341846324.351917 0.006192135 -0.139711276 0.030023435 0.103171878 -0.000115674 -0.014767686 0.994553864
1341846324.388001 0.009541983 -0.135325417 0.029106742 0.099124819 -0.000566903 -0.018728781 0.994898558
1341846324.419908 0.008827331 -0.128242493 0.029069938 0.095109127 0.001676288 -0.021072382 0.995242357
1341846324.487928 0.004185332 -0.125870109 0.033277314 0.088737674 0.002390381 -0.019700471 0.995857298
1341846324.519985 0.000003835 -0.119926825 0.032831401 0.087799400 0.000933465 -0.015055419 0.996023953
1341846324.556001 0.002734678 -0.132821858 0.026811771 0.083963066 -0.004501265 -0.011415294 0.996393323
1341846324.587888 0.003046828 -0.126110584 0.028639996 0.081133075 -0.007779746 -0.008604916 0.996635735
1341846324.620086 0.001499895 -0.123604961 0.029885858 0.078955837 -0.009954849 -0.010845159 0.996769369
1341846324.688082 0.002540348 -0.115886502 0.032653768 0.077709638 -0.011173365 -0.011675343 0.996845007
1341846324.755922 -0.002310355 -0.103237778 0.034225278 0.079883173 -0.013703514 -0.007783805 0.996679604
1341846324.782029 -0.001500373 -0.092962220 0.033764321 0.078761473 -0.018742949 -0.008244266 0.996683180
1341846324.814016 0.005008081 -0.084082015 0.028616214 0.076316953 -0.020681925 -0.009864228 0.996820271
1341846324.849979 0.000260795 -0.078693859 0.035418481 0.071037412 -0.016743105 -0.012328127 0.997256875
1341846324.913902 -0.001985817 -0.071804374 0.038049802 0.067642733 -0.019228294 -0.009872762 0.997475445
1341846324.949999 -0.003498077 -0.072961412 0.039613187 0.067656845 -0.019027043 -0.007082478 0.997502029
1341846324.981922 0.014460400 -0.093999341 0.040802058 0.069317527 -0.023447514 -0.004680680 0.997308075
1341846325.050079 0.013270639 -0.080459498 0.038284011 0.076702714 -0.033498090 -0.002792287 0.996487200
1341846325.081901 0.015245079 -0.072620235 0.036051113 0.076386094 -0.039210539 -0.004753829 0.996295691
1341846325.149933 0.020207664 -0.064271867 0.037317794 0.067039676 -0.039542701 -0.008259336 0.996932209
1341846325.181925 0.017816091 -0.061676029 0.037666764 0.064057924 -0.037918419 -0.006445650 0.997204721
1341846325.249811 0.016371768 -0.054387547 0.039195314 0.059621491 -0.037694193 0.001537723 0.997507930
1341846325.285925 0.017691290 -0.048789289 0.039054815 0.057502624 -0.038574625 0.004750729 0.997588515
1341846325.349844 0.021090746 -0.052764498 0.045560226 0.057139810 -0.032112669 0.009722435 0.997802198
1341846325.387302 0.022097321 -0.046682760 0.045515243 0.062553450 -0.029765729 0.012768815 0.997515917
1341846325.450747 0.029405944 -0.047320668 0.050152987 0.069570132 -0.017898420 0.016853137 0.997274101
1341846325.485954 0.023158861 -0.039401140 0.051520228 0.079082921 -0.009906806 0.020268904 0.996612728
1341846325.517875 0.022720771 -0.034292802 0.050116140 0.083273262 -0.007222487 0.022737991 0.996241152
1341846325.553859 0.023701761 -0.032059968 0.050865553 0.086368665 -0.003931990 0.022683509 0.995997190
1341846325.617990 0.020925740 -0.014237208 0.049376410 0.087485448 0.001295612 0.020245260 0.995959222
1341846325.653982 0.018966079 -0.025419671 0.052585948 0.082965188 0.003520959 0.016573489 0.996408403
1341846325.685819 0.020264670 -0.031422935 0.052167695 0.087210923 0.004886641 0.017299959 0.996027648
1341846325.754083 0.015009498 -0.019692451 0.054431017 0.096057422 0.006400959 0.028914398 0.994935155
1341846325.786087 0.018647784 -0.023886994 0.056811705 0.101476438 0.005855682 0.031205928 0.994331181
1341846325.853827 0.012620871 -0.006086731 0.055454239 0.108408839 0.009593951 0.035304513 0.993432999
1341846325.885958 0.011959821 -0.005435963 0.054426476 0.108769462 0.006956562 0.041160908 0.993190110
1341846325.953899 0.018923074 -0.004557405 0.059716064 0.109970823 0.001345949 0.048851687 0.992732644
1341846325.985823 0.015954524 0.001690802 0.061718531 0.113614284 0.004978080 0.052500114 0.992124379
1341846326.021991 0.013935409 0.002261341 0.062690683 0.116263293 0.005324010 0.058314845 0.991490722
1341846326.054055 0.015978057 0.006654590 0.063063391 0.121470086 0.004102921 0.062399875 0.990623236
1341846326.121822 0.018403441 0.020446612 0.065119416 0.125100806 0.009587375 0.059952606 0.990284622
1341846326.154079 0.015319964 0.021255333 0.066670693 0.125620097 0.012737559 0.058108959 0.990293264
1341846326.222162 0.012008674 0.032624625 0.069037952 0.128435940 0.010926246 0.066262476 0.989441335
1341846326.259181 0.012572581 0.038223155 0.069436476 0.125454709 0.007838590 0.070786543 0.989539742
1341846326.291222 0.014666563 0.043234672 0.070382364 0.122194581 0.006453528 0.071830876 0.989882410
1341846326.322766 0.015543323 0.048081800 0.071711689 0.118499368 0.006696259 0.070198230 0.990447044
1341846326.359773 0.015062481 0.051945861 0.073940024 0.115147308 0.008411231 0.067741387 0.991000235
1341846326.423985 0.012925529 0.051361650 0.077762209 0.117444284 0.011497013 0.072903857 0.990333140
1341846326.459869 0.011043691 0.058985099 0.077312894 0.120538428 0.009130755 0.077118479 0.989666581
1341846326.491143 0.015073719 0.062818930 0.079014182 0.121682003 0.007223594 0.077199675 0.989536047
1341846326.526163 0.016886009 0.071735211 0.080382064 0.121403657 0.009582391 0.076790616 0.989582002
1341846326.560211 0.016663298 0.075942539 0.080992140 0.116279840 0.013448530 0.077907637 0.990064919
1341846326.591828 -0.003019859 0.055480853 0.068823129 0.110538147 0.018849202 0.077584058 0.990659773
1341846326.658442 0.017314168 0.090550087 0.084813125 0.112202302 0.020582240 0.076807372 0.990498662
1341846326.694856 -0.003634456 0.072671235 0.071963221 0.105786078 0.027559152 0.076320082 0.991072714
1341846326.726206 0.014066888 0.103440642 0.086254910 0.103580378 0.025401518 0.076000959 0.991387784
1341846326.762753 -0.001215817 0.086432390 0.073343843 0.095317610 0.030302782 0.071969993 0.992379308
1341846326.794046 -0.002006323 0.092689350 0.075680658 0.088842958 0.034000121 0.069965795 0.993003368
1341846326.826821 -0.002794688 0.099103637 0.077140413 0.081174128 0.036681384 0.067192413 0.993755698
1341846326.858887 -0.004043288 0.102186158 0.076366574 0.073035732 0.038271464 0.066007353 0.994406402
1341846326.895360 -0.006300015 0.100965343 0.077955231 0.070219085 0.038166739 0.067428149 0.994517982
1341846326.958888 -0.004496933 0.109215632 0.078055501 0.075474851 0.031584535 0.072194934 0.994029105
1341846326.994594 -0.003905813 0.114818491 0.077614516 0.076622546 0.031936865 0.074707851 0.993744314
1341846327.026301 -0.003391830 0.122519642 0.077797651 0.075291827 0.032960564 0.074547164 0.993824661
1341846327.063945 -0.002011825 0.123892680 0.078899443 0.071890876 0.035088569 0.072179087 0.994178414
1341846327.094662 -0.002238712 0.128018081 0.082679808 0.071839347 0.037506454 0.069348052 0.994295359
1341846327.128901 -0.003150825 0.132062316 0.084379308 0.071349740 0.037875254 0.067653872 0.994433343
1341846327.161940 -0.002610472 0.141326249 0.087848254 0.071515240 0.036312826 0.067240261 0.994507790
1341846327.193867 0.000016248 0.136238709 0.089013860 0.069553122 0.037287489 0.065443948 0.994730651
1341846327.229885 -0.001525319 0.126708090 0.082334533 0.069260947 0.040684234 0.064215630 0.994697988
1341846327.262014 0.001993787 0.146790400 0.090726577 0.070767276 0.044158138 0.061760545 0.994599283
1341846327.294023 0.008362691 0.147582218 0.083699346 0.072555274 0.052644551 0.057639446 0.994304776
1341846327.330015 0.006476901 0.158406615 0.089861900 0.077116616 0.066173322 0.054273203 0.993342102
1341846327.361939 0.000173656 0.148055017 0.088082470 0.072862320 0.073169522 0.047649652 0.993512392
1341846327.393887 -0.000063972 0.151522353 0.090534240 0.071756527 0.075612128 0.040345397 0.993733406
1341846327.429966 -0.003616950 0.159714550 0.087977521 0.070289604 0.076081693 0.039134767 0.993850827
1341846327.461965 -0.005665064 0.165290236 0.090955123 0.061622791 0.072094649 0.039210018 0.994719863
1341846327.497931 -0.002767606 0.169696122 0.088848419 0.058022846 0.069159694 0.037908301 0.995195091
1341846327.530068 -0.003706769 0.174445346 0.091349907 0.057089746 0.069930248 0.040332980 0.995099902
1341846327.561895 -0.007243428 0.179180488 0.094263636 0.055927254 0.068344921 0.044981927 0.995076776
1341846327.598010 -0.009023353 0.180014074 0.095999345 0.057121694 0.065795816 0.049112249 0.994985402
1341846327.629945 -0.012156157 0.187398463 0.096996218 0.058692165 0.061792988 0.050171059 0.995097876
1341846327.662003 -0.007181363 0.205768183 0.100322753 0.060220990 0.056665812 0.046881534 0.995472014
1341846327.697919 -0.006362674 0.213499084 0.100273333 0.063770473 0.055443101 0.047677819 0.995281994
1341846327.730075 -0.007396353 0.220612198 0.100772448 0.059693895 0.054641776 0.049088296 0.995510578
1341846327.766017 -0.007478570 0.220315471 0.100745529 0.055619478 0.053990349 0.049513608 0.995760977
1341846327.797917 -0.007481485 0.228661120 0.100679755 0.052156191 0.053439885 0.052514374 0.995824337
1341846327.830054 -0.010532415 0.204150394 0.094529420 0.042387787 0.053555235 0.052379947 0.996288836
1341846327.865944 -0.005379496 0.234342739 0.099010274 0.041499116 0.053568024 0.052155618 0.996337354
1341846327.898010 -0.009548607 0.212718979 0.095809549 0.036735814 0.055528015 0.053511046 0.996345162
1341846327.929991 -0.010093317 0.217049554 0.096480966 0.032663006 0.053898465 0.051587760 0.996677876
1341846327.966065 -0.010229319 0.221060976 0.096329607 0.028921755 0.053857416 0.050250016 0.996864021
1341846327.998073 -0.010137565 0.225256220 0.094745412 0.022400890 0.054850154 0.047359794 0.997119188
1341846328.034045 -0.011497779 0.227625787 0.094898134 0.016820688 0.056122050 0.045970768 0.997223139
1341846328.065993 -0.011070295 0.229056001 0.094119601 0.011325042 0.056687362 0.046135284 0.997261107
1341846328.098045 -0.011452244 0.223437920 0.096572340 0.008350797 0.057921894 0.045847178 0.997232854
1341846328.133967 -0.011301039 0.223396838 0.095608473 0.011784025 0.056653600 0.048776247 0.997132063
1341846328.166023 -0.011454775 0.221118242 0.094369784 0.010958636 0.053648647 0.049834471 0.997255325
1341846328.198018 -0.010899411 0.217710719 0.091591373 0.010068028 0.050496362 0.047663279 0.997535408
1341846328.234044 -0.011697983 0.210357934 0.093092009 0.011677532 0.049448710 0.045730826 0.997660816
1341846328.265899 -0.011351517 0.206285805 0.090819865 0.013452248 0.047576167 0.046404067 0.997698426
1341846328.302051 -0.011161652 0.197133839 0.089791618 0.014056564 0.047592066 0.045971148 0.997709394
1341846328.333917 -0.012086548 0.190585151 0.088146105 0.017028177 0.048037224 0.048123762 0.997540236
1341846328.366008 -0.012713821 0.181898937 0.087147653 0.020227583 0.048155829 0.044959836 0.997622430
1341846328.402010 -0.153587788 0.032781485 0.225736603 -0.024102390 0.133828864 0.016657328 0.990571260
1341846328.433920 -0.010372931 0.166126207 0.087664180 0.036477324 0.047181528 0.048170350 0.997057140
1341846328.470003 -0.006635462 0.186446995 0.090240285 0.038271803 0.044943843 0.043440163 0.997310519
1341846328.502194 -0.003720541 0.176165402 0.087542601 0.038592175 0.046732534 0.035300687 0.997537255
1341846328.534033 -0.002061887 0.167811573 0.087879390 0.038970489 0.049241204 0.032233387 0.997505724
1341846328.570125 -0.003334894 0.157709599 0.086354017 0.039478924 0.050908606 0.031562544 0.997423470
1341846328.602804 -0.007439042 0.144952044 0.083291039 0.043232713 0.047900580 0.033084251 0.997367501
1341846328.636433 -0.007159980 0.137349784 0.084439434 0.048541952 0.039745755 0.033005252 0.997484148
1341846328.672663 -0.004408347 0.129672259 0.088382028 0.053155784 0.033606242 0.030480854 0.997555017
1341846328.702975 -0.001574483 0.124138542 0.084649660 0.055215601 0.029434761 0.030701973 0.997568190
1341846328.738215 0.000926121 0.112529889 0.085388318 0.058802936 0.027671378 0.025892658 0.997550070
1341846328.770129 0.000807020 0.108812697 0.083837114 0.062492069 0.026245132 0.025903130 0.997363985
1341846328.802331 0.001503544 0.102113321 0.081359372 0.062610008 0.022944838 0.027088948 0.997406483
1341846328.838051 0.004554032 0.094234504 0.078778349 0.065338112 0.020157767 0.024880929 0.997349262
1341846328.869939 0.001059802 0.088957325 0.075046934 0.065407082 0.019560214 0.023245744 0.997396052
1341846328.904486 -0.000479809 0.081304893 0.075534999 0.060403086 0.017332437 0.021972355 0.997781694
1341846328.939814 0.003286314 0.066862732 0.073210053 0.060840122 0.013475449 0.022869905 0.997794509
1341846328.970217 0.003277628 0.068333462 0.072449103 0.066026345 0.011685299 0.025350675 0.997427344
1341846329.006232 0.004489799 0.063302107 0.071875185 0.066612214 0.009019866 0.029941760 0.997288823
1341846329.038243 0.007899536 0.053996243 0.068453036 0.068698496 0.007294790 0.031182634 0.997123301
1341846329.072238 0.007959317 0.056502767 0.067588881 0.073937662 0.007928274 0.030566290 0.996762812
1341846329.106125 0.010989230 0.059846517 0.068820558 0.073159575 0.006925162 0.029484410 0.996860266
1341846329.138340 0.012237264 0.052088425 0.067784630 0.073614620 0.005916151 0.027521633 0.996889353
1341846329.169991 0.011955913 0.051871844 0.066483229 0.076085135 0.004981045 0.026301565 0.996741891
1341846329.208656 0.012943348 0.047976863 0.065335959 0.076018967 0.003837273 0.025163572 0.996781409
1341846329.238169 0.014460269 0.048096821 0.062752068 0.075828686 0.002458153 0.025364297 0.996795177
1341846329.273827 0.014025320 0.041825276 0.063553654 0.073339321 0.001753673 0.025706612 0.996974111
1341846329.306052 0.013522523 0.040162679 0.061650984 0.073912859 -0.000424099 0.024688972 0.996958971
1341846329.338104 0.016594654 0.040189739 0.059628300 0.070340179 -0.003036439 0.022826377 0.997257233
1341846329.373907 0.015321138 0.031742569 0.060536668 0.066061065 -0.003181076 0.020975104 0.997590005
1341846329.405985 0.015854800 0.027281929 0.058967475 0.066967100 -0.004777878 0.018351663 0.997574985
1341846329.442057 0.016751885 0.026047826 0.057004742 0.066382892 -0.005477576 0.014990086 0.997666597
1341846329.473950 0.015245443 0.020397684 0.056544349 0.064827420 -0.006018236 0.008554915 0.997841656
1341846329.506147 0.014559510 0.018687613 0.055215433 0.065104462 -0.007742244 0.005351012 0.997834086
1341846329.542121 0.013156333 0.013711892 0.054352887 0.062886544 -0.010332746 0.004623727 0.997956514
1341846329.574086 0.015077339 0.005426937 0.053581964 0.064098284 -0.013065661 0.003755155 0.997851014
1341846329.606387 0.015512913 0.005907050 0.052427046 0.067150287 -0.013696732 0.002662234 0.997645319
1341846329.641955 0.013497612 0.004266444 0.051209338 0.067116864 -0.014327441 0.002378043 0.997639418
1341846329.681570 0.012623291 -0.000951155 0.050300274 0.065703802 -0.017015506 0.002599789 0.997690737
1341846329.748113 0.016245849 -0.003515292 0.047877308 0.067522921 -0.017988252 0.000761797 0.997555256
1341846329.774077 0.015914235 -0.008811689 0.048184916 0.065080255 -0.015967412 0.002798574 0.997748375
1341846329.810175 0.014472092 -0.013114554 0.048883643 0.064954408 -0.014147482 0.004794942 0.997776449
1341846329.842255 0.013998698 -0.017180180 0.048324768 0.066075891 -0.014017727 0.007921096 0.997684717
1341846329.874044 0.013032949 -0.020000990 0.048046239 0.067765698 -0.013811516 0.011186332 0.997542918
1341846329.910073 0.013293905 -0.018028647 0.046566192 0.068434887 -0.014415802 0.013624045 0.997458398
1341846329.942009 0.012880263 -0.018084377 0.047312021 0.064012304 -0.014966400 0.018933102 0.997657239
1341846329.978087 0.013118628 -0.028683901 0.046108685 0.060627136 -0.015359366 0.020527894 0.997831166
1341846330.016305 0.015131481 -0.025682334 0.044338860 0.063113280 -0.014671588 0.018397547 0.997728944
1341846330.048192 0.012701089 -0.022814959 0.044056892 0.059664149 -0.012756400 0.019755596 0.997941494
1341846330.080418 0.012651980 -0.031068210 0.043624904 0.054423448 -0.012869293 0.021475580 0.998204052
1341846330.115886 0.029847030 -0.021414744 0.050114699 0.058537517 -0.013550429 0.021825112 0.997954607
1341846330.147839 0.026728017 -0.014012514 0.048135232 0.062422898 -0.012618032 0.023239819 0.997699380
1341846330.181257 0.028847232 -0.009038922 0.047808941 0.057850819 -0.014267406 0.027955631 0.997831762
1341846330.215852 0.028375532 -0.015648793 0.047607750 0.050766159 -0.012841508 0.026659751 0.998272121
1341846330.247833 0.010238535 -0.034587886 0.041611604 0.046618301 -0.009944480 0.025918351 0.998526990
1341846330.283913 0.026114780 -0.011658979 0.045305155 0.046203401 -0.012685145 0.026579335 0.998497844
1341846330.316011 0.023504941 -0.018162139 0.046842728 0.038824059 -0.012709277 0.025105711 0.998849809
1341846330.347868 0.003597162 -0.024206033 0.050196253 0.036483850 -0.012041596 0.024275545 0.998966753
1341846330.383835 0.006074363 -0.025019335 0.049163181 0.034644652 -0.013207117 0.025061077 0.998998106
1341846330.415934 0.005480408 -0.031227538 0.050226841 0.033273727 -0.012063441 0.023008944 0.999108553
1341846330.452561 0.003148732 -0.031755235 0.049822044 0.036229797 -0.012000593 0.021488694 0.999040365
1341846330.483903 0.002193555 -0.030013869 0.048281383 0.036556281 -0.013751971 0.023986867 0.998949051
1341846330.515970 0.001733552 -0.033282991 0.048142441 0.034672476 -0.015913798 0.027090015 0.998904765
1341846330.552099 0.002923334 -0.034982398 0.046708532 0.035807941 -0.017547818 0.029573012 0.998766899
1341846330.583876 0.001404826 -0.031612016 0.045055378 0.035754718 -0.017521847 0.030130504 0.998752594
1341846330.619992 0.018144011 -0.025280597 0.040286679 0.031609111 -0.020571245 0.029010583 0.998867393
1341846330.652136 0.000518712 -0.030711159 0.043530162 0.024926851 -0.020334726 0.028316580 0.999081254
1341846330.683796 -0.000957266 -0.031517029 0.042846363 0.020422695 -0.019861234 0.026975404 0.999230087
1341846330.719991 -0.004670415 -0.036295984 0.042364992 0.017229829 -0.021022407 0.027007136 0.999265611
1341846330.752103 -0.006363063 -0.038615510 0.039155215 0.018635491 -0.024919933 0.030979725 0.999035537
1341846330.787952 -0.008691937 -0.036090195 0.037782121 0.020142378 -0.029167948 0.034875557 0.998762846
1341846330.819823 -0.007353464 -0.036000539 0.037210420 0.019842412 -0.034060899 0.035593711 0.998588622
1341846330.852208 -0.007352471 -0.032393411 0.034668826 0.020060699 -0.035823490 0.036348153 0.998495400
1341846330.914111 -0.008748278 -0.027439276 0.032324724 0.011446612 -0.039043609 0.036552675 0.998503089
1341846330.949903 -0.011484738 -0.031488650 0.034021500 0.007980148 -0.039419603 0.035755489 0.998550951
1341846330.981986 -0.014996299 -0.031401962 0.033545386 0.008983538 -0.043157820 0.036271557 0.998369217
1341846331.014111 -0.013697728 -0.029146098 0.031983487 0.008749264 -0.047781695 0.036786005 0.998141825
1341846331.082139 -0.015163815 -0.030858129 0.029576408 0.010211969 -0.050178248 0.033602808 0.998122573
1341846331.114334 -0.016001940 -0.029385939 0.027596777 0.010227282 -0.052232239 0.033240367 0.998029172
1341846331.149989 -0.015173228 -0.032817274 0.028416118 0.009931533 -0.053345915 0.031934783 0.998015881
1341846331.181954 -0.016388902 -0.033228476 0.027976401 0.013059133 -0.053481210 0.030717572 0.998010874
1341846331.218151 -0.019506121 -0.026567122 0.025972620 0.014112612 -0.055940736 0.031872924 0.997825444
1341846331.249914 -0.014799224 -0.031378143 0.024983007 0.010711024 -0.058718562 0.030602429 0.997747898
1341846331.282227 -0.005092855 -0.032534290 0.024091212 0.014638296 -0.056405105 0.028854338 0.997883558
1341846331.349926 -0.009138935 -0.029846214 0.026933510 0.020659445 -0.047557756 0.026232865 0.998310208
1341846331.382003 0.004524651 -0.032620829 0.027454704 0.021739457 -0.043596115 0.025387319 0.998489976
1341846331.418008 -0.002210378 -0.028417835 0.031336892 0.030057490 -0.031801544 0.024796018 0.998734355
1341846331.450327 -0.004768264 -0.024182484 0.032866895 0.032792285 -0.026317874 0.025391847 0.998792946
1341846331.486219 -0.006900360 -0.022291727 0.032586776 0.033058289 -0.024096988 0.026934875 0.998799801
1341846331.518344 -0.002598805 -0.023436539 0.033056412 0.031557433 -0.024012838 0.025610400 0.998885155
1341846331.586139 -0.004421263 -0.021501884 0.039146379 0.036547218 -0.017615881 0.024821006 0.998868346
1341846331.617931 -0.001843265 -0.020387925 0.040637065 0.035753462 -0.018110031 0.024908647 0.998886049
1341846331.654027 0.001896500 -0.022990758 0.043410111 0.035795219 -0.016172685 0.025532771 0.998902023
1341846331.686123 -0.000960563 -0.018864458 0.045746151 0.038917840 -0.012764489 0.027360411 0.998786211
1341846331.717954 -0.002332074 -0.014573745 0.049372360 0.036477603 -0.013819446 0.028012773 0.998846173
1341846331.785920 0.002194146 -0.020227119 0.057744667 0.036128178 -0.011189278 0.025324792 0.998963594
1341846331.818053 0.000609303 -0.014892567 0.060617756 0.037667066 -0.009325213 0.025575757 0.998919487
1341846331.853849 0.001368345 -0.017598942 0.064464673 0.035833538 -0.009037447 0.025154842 0.999000251
1341846331.885987 0.004929067 -0.019039530 0.068196923 0.038365081 -0.007170277 0.023269143 0.998967111
1341846331.922014 0.004000295 -0.015604092 0.071553133 0.040964458 -0.003689840 0.022260828 0.998905778
1341846331.986135 0.010106020 -0.020384783 0.080399685 0.042332232 0.003408168 0.024381008 0.998800278
1341846332.022364 0.005666865 -0.023223531 0.087175570 0.048397113 0.008996769 0.024146643 0.998495758
1341846332.054175 0.003546729 -0.020263031 0.090773195 0.055513084 0.009558729 0.026264433 0.998066664
1341846332.086502 0.007097767 -0.037611999 0.090185791 0.056164924 0.008954374 0.028013490 0.997988284
1341846332.122051 0.006480456 -0.035793442 0.093044162 0.058272716 0.010202626 0.026998231 0.997883439
1341846332.153983 0.004470523 -0.029688612 0.096438825 0.057531927 0.010121444 0.024898311 0.997981787
1341846332.190165 0.003470808 -0.028233759 0.103689246 0.051752880 0.008712424 0.022672428 0.998364508
1341846332.254145 0.003460886 -0.035659548 0.113170952 0.050543759 0.008885881 0.020558473 0.998470724
1341846332.289948 0.002147594 -0.034132224 0.116686888 0.052729115 0.009038950 0.022249410 0.998320043
1341846332.322172 0.002408853 -0.034294516 0.121352769 0.053567544 0.008415820 0.024348665 0.998231888
1341846332.354003 0.006587077 -0.036609795 0.123662554 0.055608526 0.009297405 0.022474902 0.998156369
1341846332.390180 0.006668145 -0.030760705 0.127181873 0.058495618 0.013724648 0.019652454 0.997999847
1341846332.422055 0.004441906 -0.029971302 0.130355686 0.056611411 0.016829979 0.016255958 0.998122036
1341846332.458114 0.003076550 -0.017344151 0.120919287 0.056734253 0.019029057 0.012636279 0.998127937
1341846332.589874 0.004269071 -0.011035245 0.152964771 0.059228204 0.008571072 0.030689649 0.997735798
1341846332.621889 0.001899669 -0.007631142 0.136083469 0.054398332 0.009023550 0.032696653 0.997943044
1341846332.658202 0.003616953 -0.009034278 0.139340296 0.050371516 0.009237751 0.031797677 0.998181462
1341846332.690001 0.003914473 -0.007981594 0.142164946 0.048586827 0.009999360 0.032530386 0.998238981
1341846332.726000 0.002834309 -0.009446865 0.146952257 0.047378503 0.009195757 0.036649235 0.998162091
1341846332.758386 0.004786398 -0.008651819 0.149923608 0.048280913 0.006443826 0.038274888 0.998079419
1341846332.789937 0.008906222 -0.005440382 0.151192859 0.048114859 0.006278856 0.037219062 0.998128355
1341846332.825925 0.010017086 -0.005523935 0.156958684 0.045825280 0.008532740 0.035849672 0.998269498
1341846332.857898 0.010456940 -0.005923596 0.160342216 0.046701659 0.009785062 0.035110548 0.998243690
1341846332.926029 0.012763556 0.001093148 0.166728988 0.044504099 0.009947324 0.033517346 0.998397231
1341846332.958015 0.014259348 0.001851918 0.169154286 0.041750126 0.011829552 0.030804552 0.998583019
1341846332.994073 0.014967335 0.003903887 0.172914043 0.039317649 0.013123170 0.029384445 0.998708427
1341846333.026545 0.016294701 0.004121562 0.176263496 0.036821648 0.014340986 0.026781054 0.998860002
1341846333.057998 0.019178726 0.003784389 0.178257495 0.035490327 0.015585057 0.026967881 0.998884499
1341846333.094024 0.018645391 0.003744664 0.181879669 0.036041994 0.017692756 0.030612828 0.998724580
1341846333.126095 0.024790341 0.001886971 0.186605170 0.047340196 0.010984215 0.033178259 0.998267233
1341846333.161973 0.022595149 0.008231668 0.182827801 0.036332674 0.021269597 0.034135461 0.998530090
1341846333.195660 0.022775166 0.008842269 0.187732413 0.034039129 0.023494074 0.036247563 0.998486578
1341846333.226331 0.026662005 0.005746968 0.193886697 0.043191727 0.016352162 0.035860192 0.998289108
1341846333.262056 0.027375026 0.008696659 0.195120692 0.040758550 0.016567137 0.034278292 0.998443425
1341846333.294147 0.027378252 0.007345631 0.197450563 0.036960259 0.016684365 0.033316810 0.998621821
1341846333.326100 0.028098669 0.008090867 0.197982356 0.035312790 0.015258918 0.031879313 0.998751163
1341846333.362100 0.028977728 0.011004595 0.198333755 0.032868631 0.014421119 0.030429455 0.998892307
1341846333.394119 0.027937632 0.008675993 0.200076938 0.029019890 0.014089677 0.029703762 0.999038041
1341846333.429974 0.028507864 0.010061450 0.199524507 0.028773990 0.011806427 0.029707521 0.999074638
1341846333.462115 0.028971741 0.008485622 0.200324997 0.027782962 0.012193273 0.028239150 0.999140620
1341846333.494040 0.029679589 0.008952516 0.201320603 0.029085502 0.012913744 0.027222117 0.999122739
1341846333.529953 0.030629031 0.008679125 0.201111034 0.029746791 0.013848718 0.027085004 0.999094486
1341846333.562063 0.027076745 0.013454845 0.198195100 0.020541761 0.024033928 0.027959039 0.999108970
1341846333.594090 0.023554781 0.015591787 0.197929472 0.019709200 0.024421547 0.028615488 0.999097705
1341846333.629994 0.024517041 0.017134599 0.198246419 0.016715825 0.021547925 0.028002983 0.999235749
1341846333.662127 0.025741506 0.017179277 0.196724012 0.013513893 0.019739337 0.027179131 0.999344289
1341846333.697964 0.029063752 0.014885342 0.197371930 0.011019115 0.018188363 0.027549013 0.999394238
1341846333.730092 0.030086450 0.014192989 0.196464464 0.013406320 0.017630707 0.027863767 0.999366343
1341846333.762089 0.031469867 0.014082080 0.195465922 0.014685912 0.017598026 0.030088989 0.999284387
1341846333.798006 0.029515537 0.013075652 0.195053086 0.016386986 0.019311624 0.029391233 0.999247074
1341846333.830055 0.028271817 0.012093518 0.189559057 0.018562365 0.020643953 0.027932659 0.999224246
1341846333.866045 0.019055173 0.004211951 0.171075910 0.016014399 0.035608586 0.027234007 0.998866320
1341846333.930099 0.026326653 0.009244865 0.185269043 0.023206148 0.023102023 0.024445433 0.999164760
1341846333.965889 0.017587293 0.001611062 0.166776717 0.022131262 0.037448872 0.024855435 0.998744190
1341846333.997985 0.017443353 -0.001191483 0.163668409 0.023770416 0.038389757 0.024529837 0.998678863
1341846334.030076 0.016350321 -0.000374837 0.162004262 0.027331147 0.039805099 0.025341891 0.998512089
1341846334.066000 0.013962963 -0.001151906 0.159848079 0.028816722 0.040259294 0.026557542 0.998420477
1341846334.097932 0.014231293 -0.001483279 0.157416448 0.030603787 0.040009428 0.026400745 0.998381495
1341846334.133884 0.013294230 -0.001624832 0.154861793 0.032035440 0.041144568 0.026598440 0.998285234
1341846334.166115 0.009907595 -0.001410978 0.152780816 0.032571550 0.040751509 0.027321059 0.998264492
1341846334.234097 0.011382809 -0.001519731 0.147856727 0.033244696 0.038775291 0.025572268 0.998367310
1341846334.266045 0.007937395 -0.003217806 0.145862326 0.032818452 0.041402578 0.025480598 0.998278260
1341846334.297946 0.005397878 -0.003063098 0.142708689 0.034218691 0.040445879 0.026896130 0.998233318
1341846334.334036 0.005949010 -0.002198462 0.140408665 0.034725100 0.038243301 0.027965371 0.998273313
1341846334.365871 0.005906541 -0.001585637 0.137840256 0.034414466 0.038208000 0.026178276 0.998333871
1341846334.401845 0.004532182 -0.002379941 0.135984063 0.032746326 0.039290041 0.025027810 0.998377442
1341846334.433864 0.000812970 -0.004223120 0.134293571 0.032451604 0.039280806 0.025197254 0.998383224
1341846334.466105 0.000510976 -0.003036050 0.131163001 0.033371903 0.037544478 0.026244018 0.998392701
1341846334.502142 0.006252526 0.002975031 0.141974121 0.035520252 0.024043527 0.026797358 0.998720229
1341846334.540153 0.006595572 0.013530873 0.143799677 0.038446128 0.028256614 0.026645368 0.998505652
1341846334.634069 -0.004115376 0.000057202 0.122671016 0.024338407 0.029697755 0.014772625 0.999153376
1341846334.702085 -0.001497598 0.013800895 0.132064670 0.027641069 0.021360639 0.012279262 0.999314249
1341846334.734751 -0.001806341 0.013626346 0.128920048 0.027671494 0.018580176 0.013899242 0.999347746
1341846334.770889 -0.003017250 0.013237590 0.125744447 0.027460579 0.017060312 0.016810397 0.999335885
1341846334.802194 -0.004792286 0.013968756 0.122615047 0.027254529 0.014793190 0.017929981 0.999358237
1341846334.833908 -0.004174536 0.014489491 0.119139746 0.026826929 0.012784957 0.016354658 0.999424517
1341846334.869874 -0.005439826 0.015099591 0.115951627 0.025453670 0.012685842 0.016007258 0.999467313
1341846334.938010 -0.008584268 0.014148526 0.110830866 0.023072859 0.008365745 0.015886867 0.999572575
1341846334.970032 -0.007228828 0.013857817 0.108115926 0.022979680 0.006906275 0.015011290 0.999599397
1341846335.002203 -0.008805943 0.011606296 0.105837703 0.023751946 0.007566222 0.015995888 0.999561250
1341846335.069990 -0.010435924 0.013923340 0.098491021 0.027293850 0.001744299 0.018204212 0.999460161
1341846335.106038 -0.009706651 0.012585374 0.096310601 0.026925810 0.002439076 0.017014408 0.999489665
1341846335.138045 -0.012313405 0.011680378 0.092902832 0.028409444 0.004365408 0.016174413 0.999455988
1341846335.169900 -0.015356220 0.013545880 0.089491419 0.029338766 0.002456318 0.015932186 0.999439538
1341846335.239365 -0.012478342 0.011254591 0.082854465 0.027514635 0.000432122 0.011856460 0.999550998
1341846335.269948 -0.014495257 0.010437837 0.079854123 0.028968815 0.002396806 0.009880561 0.999528587
1341846335.305972 -0.016125223 0.010859715 0.079605803 0.031184284 0.001377513 0.010343704 0.999459207
1341846335.338012 -0.014466185 0.010293949 0.077005520 0.032394953 -0.000865347 0.012258423 0.999399602
1341846335.374005 -0.012328339 0.006832312 0.073176950 0.035363335 0.000141039 0.013539581 0.999282777
1341846335.406025 -0.013513910 0.005722389 0.071191356 0.041959800 0.002962417 0.015513419 0.998994470
1341846335.438079 -0.014449283 0.008839579 0.068076730 0.048210762 0.003805321 0.018629208 0.998656213
1341846335.507038 -0.014081102 0.011853407 0.062183030 0.051892657 0.007872586 0.018405816 0.998452008
1341846335.538040 -0.015512703 0.013644870 0.059696775 0.051596127 0.010402315 0.016241441 0.998481810
1341846335.574119 -0.017947314 0.015014634 0.057593081 0.049424101 0.010862141 0.016557677 0.998581529
1341846335.605970 -0.017731002 0.012953102 0.055311728 0.047377471 0.009957070 0.015901349 0.998700857
1341846335.641978 -0.016733399 0.012920978 0.052232631 0.048440099 0.010771916 0.013644464 0.998674810
1341846335.673993 -0.018725399 0.014038879 0.049305018 0.048454102 0.011948820 0.013100501 0.998668015
1341846335.741982 -0.018499626 0.013159316 0.042669408 0.047992088 0.009942185 0.013340957 0.998709142
1341846335.773960 -0.019577904 0.014930131 0.039371546 0.048563272 0.010805847 0.012578598 0.998682439
1341846335.806271 -0.019968254 0.016373051 0.035082381 0.046722241 0.010174126 0.012866912 0.998773277
1341846335.842031 -0.019244781 0.014828851 0.033414744 0.044262815 0.010577697 0.013354994 0.998874664
1341846335.910005 -0.022375097 0.015928498 0.026866583 0.044945449 0.012837178 0.013848730 0.998810947
1341846335.941936 -0.023748679 0.016088415 0.023578733 0.043980941 0.011024077 0.015045824 0.998858213
1341846335.974198 -0.023188509 0.015804626 0.020780249 0.043636546 0.009903857 0.013200166 0.998911202
1341846336.010032 -0.024569329 0.016256955 0.017781578 0.043505605 0.010275063 0.011425318 0.998934984
1341846336.042129 -0.026639896 0.002577604 0.010532778 0.038747735 0.003979747 0.010678113 0.999184012
1341846336.110739 -0.026787130 0.002301939 0.006076995 0.039126456 0.001535225 0.008867268 0.999193788
1341846336.142002 -0.029118169 0.002937531 0.003010384 0.039072070 0.002129674 0.009455986 0.999189377
1341846336.183953 -0.030831438 0.004371108 -0.000207282 0.039136853 -0.000234450 0.010275462 0.999181032
1341846336.210112 -0.030902106 0.005010450 -0.001698659 0.037678871 -0.002136541 0.010583199 0.999231577
1341846336.241891 -0.030314680 0.004441134 -0.003395016 0.036962636 -0.001492215 0.010086821 0.999264598
1341846336.277946 -0.033043243 0.002896843 -0.004857648 0.037175849 -0.000479209 0.010955167 0.999248564
1341846336.346143 -0.033723496 0.003904397 -0.010918796 0.041727755 -0.004639301 0.015849404 0.998992503
1341846336.377975 -0.033620659 0.003457573 -0.013259807 0.042348843 -0.004520488 0.015376607 0.998974323
1341846336.410032 -0.034653585 0.004128856 -0.016179340 0.043323867 -0.003647259 0.015395849 0.998935759
1341846336.446041 -0.044802867 0.005305952 -0.016805358 0.043262161 -0.002760252 0.015310103 0.998942614
1341846336.477990 -0.044304878 0.004643344 -0.019661134 0.041917644 -0.002942376 0.015215061 0.999000907
1341846336.510056 -0.036717631 0.017610207 -0.017956590 0.045821756 0.001975380 0.016213801 0.998816073
1341846336.546024 -0.037772954 0.017862774 -0.018646261 0.046972152 0.002125883 0.017826565 0.998734891
1341846336.614020 -0.036562014 0.020070596 -0.023320384 0.046271622 0.001730234 0.019450542 0.998738050
1341846336.645982 -0.038371906 0.022105930 -0.024984628 0.045714825 0.003582180 0.018493477 0.998776913
1341846336.678036 -0.049798261 0.006808752 -0.029890941 0.039783739 -0.001622785 0.017740328 0.999049485
1341846336.714024 -0.049215961 0.004274237 -0.030513180 0.040704865 -0.004305860 0.017443869 0.999009669
1341846336.746016 -0.050637525 0.002564741 -0.034195241 0.044126645 -0.006080389 0.019156236 0.998823762
1341846336.778014 -0.053257804 0.004623088 -0.035952009 0.047383957 -0.009496569 0.022078833 0.998587549
1341846336.845952 -0.050603002 0.005204224 -0.038800523 0.048537422 -0.015497869 0.023960218 0.998413682
1341846336.882056 -0.053732872 0.005877856 -0.041193962 0.050787155 -0.015490460 0.023202622 0.998319745
1341846336.914273 -0.052104730 0.003324226 -0.046047900 0.052530974 -0.020534592 0.024995105 0.998095214
1341846337.114317 -0.056385908 0.008912043 -0.049596455 0.055217031 -0.036669984 0.015532932 0.997679889
1341846337.150037 -0.056083821 0.009200219 -0.048945576 0.053744778 -0.038737584 0.014384827 0.997699320
1341846337.181873 -0.051467672 0.009242686 -0.053657562 0.053156469 -0.039910726 0.011403927 0.997723162
1341846337.214073 -0.052600633 0.012258699 -0.054528549 0.051488247 -0.038077891 0.008948449 0.997907281
1341846337.282028 -0.055949427 0.008553168 -0.058141813 0.049208723 -0.042994209 0.012951199 0.997778654
1341846337.317920 -0.053049084 0.010522505 -0.057918668 0.049220294 -0.045387506 0.014006762 0.997657835
1341846337.350018 -0.054136034 0.011579860 -0.060541529 0.047840465 -0.044330705 0.013580141 0.997778356
1341846337.382159 -0.053322226 0.010607017 -0.058986619 0.044796880 -0.044377882 0.011990654 0.997937918
1341846337.417941 -0.055417683 0.007748763 -0.060184214 0.045113072 -0.043147199 0.011643813 0.997981727
1341846337.450137 -0.056468830 0.010478657 -0.061735138 0.046312604 -0.044793531 0.012703055 0.997841299
1341846337.482096 -0.055179361 0.009832911 -0.062585205 0.044516798 -0.045501672 0.013739552 0.997877300
1341846337.518008 -0.055746235 0.007245003 -0.063199729 0.045022707 -0.045668799 0.013725132 0.997847140
1341846337.585971 -0.055198874 0.010556940 -0.065585814 0.043092486 -0.046846170 0.011231268 0.997908950
1341846337.617903 -0.055912435 0.005012293 -0.063466668 0.043260090 -0.047235940 0.011036620 0.997885525
1341846337.650141 -0.055952664 0.009428343 -0.064667724 0.046644952 -0.047501378 0.010670174 0.997724414
1341846337.686352 -0.053745810 0.011994129 -0.065486714 0.044949517 -0.047034301 0.011412371 0.997816145
1341846337.854071 -0.049579088 0.014122196 -0.059678428 0.036590315 -0.037476867 0.012264688 0.998552024
1341846337.885951 -0.050832007 0.015791843 -0.058612987 0.033796828 -0.034595571 0.010366349 0.998775959
1341846337.918223 -0.050176091 0.016454989 -0.058026239 0.029535366 -0.033339873 0.007637630 0.998978376
1341846337.954120 -0.048824809 0.014726325 -0.055977404 0.026948674 -0.032289140 0.007339196 0.999088228
1341846337.985994 -0.048566133 0.018243209 -0.054108884 0.025005609 -0.031442109 0.007387174 0.999165416
1341846338.018107 -0.048197232 0.015944915 -0.051877931 0.021057718 -0.029853169 0.008586177 0.999295592
1341846338.054055 -0.047099829 0.018324783 -0.051638518 0.019183099 -0.028584551 0.007998924 0.999375284
1341846338.085986 -0.045253150 0.018033106 -0.047194485 0.015661955 -0.025832748 0.007862292 0.999512672
1341846338.121875 -0.046060443 0.016932774 -0.045895550 0.013543429 -0.023224508 0.008992156 0.999598086
1341846338.186029 -0.045999713 0.017753659 -0.042215832 0.011814777 -0.023119053 0.014841281 0.999552727
1341846338.222071 -0.044013344 0.018872678 -0.040874321 0.010763421 -0.022575028 0.015034049 0.999574184
1341846338.254107 -0.044299144 0.018287523 -0.036734380 0.008910760 -0.020373467 0.014783254 0.999643445
1341846338.290130 -0.043919131 0.017307004 -0.034339666 0.009106520 -0.020548563 0.016520154 0.999610841
1341846338.321952 -0.043225668 0.019210994 -0.031719856 0.009636760 -0.019803673 0.018670350 0.999583066
1341846338.354022 -0.042694423 0.018224213 -0.030545672 0.008640444 -0.019233717 0.019168636 0.999593914
1341846338.389969 -0.041602209 0.021191521 -0.026553497 0.009048333 -0.018489946 0.019362619 0.999600589
1341846338.489894 -0.040693399 0.020846171 -0.017716464 0.004411807 -0.019051375 0.018890308 0.999630332
1341846338.522066 -0.037610888 0.019670848 -0.012319239 0.004979493 -0.019345097 0.018798659 0.999623716
1341846338.589842 -0.038396735 0.022626419 -0.008657584 0.002778100 -0.019411668 0.017737111 0.999650359
1341846338.622019 -0.036616225 0.020566329 -0.004318917 0.002901253 -0.018768923 0.018754449 0.999643743
1341846338.657984 -0.038183875 0.023370791 -0.004416802 0.004024980 -0.018369848 0.020469321 0.999613583
1341846338.690198 -0.035754636 0.025057903 -0.000723107 0.002352121 -0.019781560 0.020373827 0.999593914
1341846338.722454 -0.034056287 0.022644768 0.003873908 0.001073420 -0.018970653 0.020214116 0.999615073
1341846338.757945 -0.036275111 0.025304442 0.005191580 0.002093863 -0.018206526 0.021318810 0.999604762
1341846338.826048 -0.032422122 0.023697911 0.012592739 -0.000233853 -0.020574370 0.021343358 0.999560416
1341846338.858027 -0.034428138 0.026198458 0.012040908 0.000309004 -0.018127203 0.019850910 0.999638557
1341846338.889902 -0.033765920 0.026172470 0.015051223 -0.002409710 -0.019134536 0.019422121 0.999625325
1341846338.925948 -0.030260516 0.025573343 0.020416867 -0.003129676 -0.019524150 0.018433424 0.999634564
1341846338.958108 -0.030467559 0.026059175 0.023078207 -0.002722941 -0.017357390 0.017374052 0.999694645
1341846338.990057 -0.029946875 0.025500968 0.025802730 -0.002535674 -0.017349513 0.017945273 0.999685228
1341846339.025928 -0.027976640 0.024389153 0.031229416 -0.000776266 -0.016825875 0.018339584 0.999689877
1341846339.057939 -0.027230682 0.025948161 0.032069150 0.002347246 -0.014573881 0.018747678 0.999715269
1341846339.093927 -0.029579472 0.029340707 0.035187811 0.002238667 -0.014055531 0.019185957 0.999714613
1341846339.126562 -0.026096731 0.029535482 0.037587050 -0.001134192 -0.016180588 0.018749688 0.999692619
1341846339.157969 -0.023290439 0.029737681 0.043224305 -0.003537163 -0.014288002 0.017106654 0.999745309
1341846339.194113 -0.025572557 0.031481776 0.045328759 -0.004962373 -0.011981839 0.016519327 0.999779403
1341846339.362269 -0.018662345 0.035090610 0.058990229 -0.018717330 -0.016896021 0.022677485 0.999424756
1341846339.394725 -0.017253630 0.034597874 0.060018070 -0.019828178 -0.015026264 0.021878527 0.999451041
1341846339.426160 -0.018827250 0.035352267 0.060546435 -0.021437507 -0.014477755 0.022264358 0.999417424
1341846339.462186 -0.015139766 0.034459732 0.065659523 -0.023402348 -0.016552810 0.022326786 0.999339700
1341846339.496743 -0.011643982 0.034324773 0.071068145 -0.020738008 -0.013457944 0.019750718 0.999499261
1341846339.530143 -0.012609150 0.035244070 0.073982678 -0.019351054 -0.009278397 0.020065544 0.999568343
1341846339.562052 -0.013551777 0.033724699 0.076020613 -0.019270875 -0.009086247 0.021002574 0.999552369
1341846339.595122 -0.009054620 0.033618622 0.076469988 -0.017444093 -0.010264257 0.021658076 0.999560535
1341846339.632085 -0.008105571 0.034388829 0.080594920 -0.015744952 -0.006577233 0.019771975 0.999658883
1341846339.664568 -0.007746496 0.034479890 0.082649097 -0.015467188 -0.003470831 0.017309701 0.999724507
1341846339.698896 -0.006577281 0.034089886 0.085917808 -0.015640089 -0.002570562 0.016438937 0.999739230
1341846339.731977 -0.005769541 0.033757776 0.087769724 -0.015543301 -0.002437937 0.015365927 0.999758124
1341846339.762241 -0.003430140 0.032866761 0.092102326 -0.015348648 -0.001746133 0.014736567 0.999772072
1341846339.797873 -0.003296428 0.032872885 0.093475170 -0.015283359 -0.001035258 0.015884478 0.999756515
1341846339.830245 -0.001856885 0.032243796 0.096012726 -0.015707837 -0.001889358 0.016476503 0.999739051
1341846339.862015 0.000445542 0.031467739 0.098283507 -0.016411237 -0.002171535 0.016464675 0.999727428
1341846339.897797 0.000540315 0.032508768 0.099543028 -0.017211286 -0.000984111 0.016093874 0.999721825
1341846339.929916 0.007142246 0.032577861 0.114343874 -0.017450197 -0.001067760 0.017277788 0.999697864
1341846339.961960 0.002715572 0.030455546 0.110574931 -0.016411815 -0.000918311 0.018053716 0.999701917
1341846339.997845 0.005335641 0.030870322 0.113540463 -0.014736393 -0.000432509 0.018441398 0.999721229
1341846340.029925 0.005784299 0.030542888 0.115222357 -0.014019164 0.002146764 0.019385241 0.999711514
1341846340.066044 0.006528816 0.030035045 0.117588922 -0.012071348 0.003409818 0.020688642 0.999707282
1341846340.098009 0.006763493 0.030807005 0.118826851 -0.010978688 0.004034060 0.021701597 0.999696076
1341846340.130102 0.007985530 0.031044422 0.121673383 -0.011485951 0.003693679 0.020734467 0.999712229
1341846340.166041 0.010561285 0.029433690 0.123904511 -0.011099765 0.005305146 0.018993746 0.999743938
1341846340.197867 0.010309618 0.030568495 0.126534998 -0.009508939 0.007899401 0.018852910 0.999745846
1341846340.229904 0.010100971 0.031722851 0.127954870 -0.010440365 0.008063472 0.018542878 0.999741018
1341846340.265859 0.013233850 0.029488247 0.131727204 -0.011715433 0.008117521 0.018400535 0.999729097
1341846340.298061 0.013379685 0.030288331 0.133980483 -0.009190493 0.010658723 0.018359039 0.999732435
1341846340.334063 0.012319272 0.032410022 0.134356573 -0.009566674 0.010285133 0.019709416 0.999707043
1341846340.366064 0.014004693 0.030829448 0.136385679 -0.011558147 0.008042178 0.019106170 0.999718308
1341846340.397995 0.016366350 0.029776175 0.139039099 -0.009944354 0.007775600 0.019361021 0.999732852
1341846340.433895 0.016522147 0.030995708 0.141240016 -0.008970709 0.007661201 0.019878425 0.999732852
1341846340.465959 0.015327197 0.029733932 0.140929028 -0.008817701 0.005947726 0.021688616 0.999708235
1341846340.501858 0.016976142 0.030763645 0.140153259 -0.007691768 0.002092998 0.021834718 0.999729812
1341846340.534329 0.018011492 0.030364422 0.138472676 -0.007362055 0.000275915 0.021565264 0.999740303
1341846340.566041 0.020669242 0.029171785 0.140907615 -0.006515046 -0.001115148 0.022064921 0.999734700
1341846340.601909 0.021343369 0.028446211 0.138789743 -0.004220141 -0.001824818 0.023071686 0.999723256
1341846340.634005 0.021426365 0.029866263 0.136638880 -0.002927733 -0.001988967 0.021698250 0.999758303
1341846340.666028 0.023660962 0.029084848 0.137148574 -0.003414414 -0.002247006 0.019747373 0.999796629
1341846340.701946 0.025350744 0.027807234 0.136823297 -0.001906149 -0.001209275 0.017797388 0.999839067
1341846340.733954 0.026104730 0.029383294 0.135128036 -0.000453343 0.000462875 0.016197160 0.999868631
1341846340.770081 0.025520658 0.029883914 0.136016086 -0.000913472 0.001361846 0.013387288 0.999909043
1341846340.801980 0.027578527 0.029191155 0.135161847 -0.000980834 0.001702451 0.008397105 0.999962807
1341846340.833999 0.027885135 0.030624064 0.135047197 -0.000933370 0.004075706 0.004550749 0.999980927
1341846340.870013 0.026809270 0.029937813 0.134883925 -0.002518588 0.004350954 0.002539269 0.999984145
1341846340.901955 0.027187726 0.028650325 0.134459600 -0.001898517 0.004142195 0.002152309 0.999987304
1341846340.933918 0.026687838 0.028469279 0.134310991 -0.000114219 0.003685887 0.004182003 0.999984443
1341846340.970122 0.025335848 0.028932218 0.133550808 0.001387010 0.001183924 0.008972666 0.999958098
1341846341.001922 0.025249816 0.027731361 0.131547883 0.002173332 -0.002706028 0.013961326 0.999896526
1341846341.037923 0.027886704 0.031211562 0.136637285 0.004334696 -0.006161736 0.017152010 0.999824524
1341846341.070300 0.025918774 0.028300600 0.129937023 0.004028565 -0.006602272 0.017029375 0.999825060
1341846341.137982 0.025761010 0.028091745 0.127295598 0.003979931 -0.009794895 0.017340565 0.999793768
1341846341.170048 0.026270857 0.027518047 0.127571434 0.004305720 -0.010486484 0.018493460 0.999764740
1341846341.202110 0.026667617 0.026800368 0.126736358 0.005603172 -0.011003271 0.020505300 0.999713480
1341846341.237996 0.027206296 0.026879968 0.126051649 0.007388541 -0.010966785 0.021080013 0.999690354
1341846341.269883 0.026381902 0.027089225 0.125446022 0.008556364 -0.010090683 0.021430897 0.999682784
1341846341.306107 0.025641460 0.027066750 0.124584012 0.009197861 -0.010379137 0.020560332 0.999692440
1341846341.338109 0.026572997 0.027149048 0.123815358 0.010030211 -0.010210256 0.018562119 0.999725282
1341846341.370120 0.026268840 0.027042326 0.123630717 0.010577098 -0.008898282 0.016088231 0.999775052
1341846341.406074 0.024805486 0.027078046 0.123739794 0.010658788 -0.008037126 0.015245313 0.999794662
1341846341.438113 0.024360811 0.024758480 0.124329641 0.011190409 -0.009716425 0.015155037 0.999775350
1341846341.470024 0.026067287 0.025181539 0.122158699 0.013981281 -0.010520115 0.014083606 0.999747694
1341846341.506077 0.025108103 0.027436560 0.122281246 0.014591805 -0.009346098 0.012865211 0.999767065
1341846341.538156 0.022710443 0.026366897 0.124596216 0.013537576 -0.010303890 0.012632360 0.999775469
1341846341.574016 0.024031261 0.026314925 0.121280439 0.014311328 -0.013032891 0.013676477 0.999719083
1341846341.643972 0.022662722 0.028008165 0.120881014 0.014455455 -0.014589062 0.013367438 0.999699712
1341846341.679982 0.022228764 0.026741192 0.120453179 0.013762669 -0.015866008 0.013438429 0.999689102
1341846341.712332 0.020794533 0.027466469 0.120519876 0.014781144 -0.017704243 0.016399682 0.999599516
1341846341.780061 0.021639239 0.027482158 0.118556708 0.015557283 -0.020609550 0.019795284 0.999470532
1341846341.812163 0.021725262 0.026165484 0.118127063 0.015350943 -0.021388393 0.021631086 0.999419332
1341846341.842595 0.022766419 0.024978368 0.117549025 0.017101739 -0.021831412 0.024617556 0.999312222
1341846341.875779 0.022324692 0.025301695 0.116618074 0.018954312 -0.021986136 0.027951907 0.999187708
1341846341.906227 0.023680739 0.023546766 0.116020977 0.020031219 -0.022948928 0.029793775 0.999091804
1341846341.942069 0.023422901 0.021349946 0.115786113 0.022798585 -0.022753922 0.031397413 0.998987854
1341846341.974775 0.023023251 0.022117324 0.115070395 0.026493413 -0.022715814 0.032846756 0.998850942
1341846342.010161 0.021988183 0.022716353 0.114083588 0.027402747 -0.023627844 0.034711078 0.998742163
1341846342.042024 0.024726164 0.020009037 0.113898329 0.028258709 -0.025348013 0.035294976 0.998655677
1341846342.080032 0.025380747 0.021397339 0.114016205 0.030837212 -0.023231158 0.035376180 0.998628020
1341846342.112265 0.023827247 0.020063192 0.113402307 0.030706434 -0.022008425 0.037237562 0.998592079
1341846342.147954 0.024142046 0.018291432 0.113728940 0.032581281 -0.023321673 0.039187312 0.998428226
1341846342.179852 0.025617942 0.018852642 0.112422861 0.035643198 -0.023300884 0.040856164 0.998257160
1341846342.211848 0.025510810 0.019339325 0.112781279 0.036365397 -0.022638306 0.040965233 0.998241901
1341846342.247920 0.025657758 0.018254893 0.112795711 0.037230413 -0.022423685 0.039321739 0.998280942
1341846342.279870 0.025894547 0.018120909 0.112099484 0.038699273 -0.021973288 0.039809115 0.998215795
1341846342.316068 0.025574662 0.018027190 0.111167148 0.039974894 -0.021558175 0.040750392 0.998136580
1341846342.347894 0.025864186 0.018915705 0.110932484 0.040640540 -0.021682011 0.040769264 0.998106241
1341846342.379953 0.026411537 0.018553531 0.110640913 0.040700696 -0.021195091 0.040536407 0.998123765
1341846342.416195 0.026302062 0.018282203 0.109820284 0.041073237 -0.021083798 0.042056292 0.998047948
1341846342.447907 0.026125405 0.019203916 0.110641137 0.041586485 -0.021942027 0.043151155 0.997961462
