1341846314.526085 0.015719296 0.000069798 0.003908535 -0.003030028 0.035577543 -0.010556676 0.999296963
1341846314.694004 0.024413036 -0.001501632 0.008907166 -0.004167073 0.053185374 -0.011638500 0.998508155
1341846314.725910 0.034322388 -0.006411153 0.010391312 -0.002079643 0.051617403 -0.007360188 0.998637617
1341846314.794030 0.033886474 -0.003003518 0.006971262 0.006260017 0.057154324 -0.000850363 0.998345375
1341846314.894072 0.036196310 -0.001335404 0.005451327 0.008452140 0.070934966 0.003263836 0.997439802
1341846314.961937 0.027156102 0.000232313 0.001309409 0.004971512 0.079417892 0.013119110 0.996742666
1341846315.061965 0.037897862 -0.001535814 0.004827744 0.000909603 0.084202014 0.011933121 0.996376812
1341846315.129851 0.028655441 0.000255131 0.003240339 0.004176802 0.089022249 0.010441683 0.995966136
1341846315.197984 0.031643890 0.000935538 0.002612571 -0.006009924 0.086225428 0.009036557 0.996216536
1341846315.230076 0.038917355 0.001546802 0.006153440 -0.008638138 0.082630530 0.005506068 0.996527612
1341846315.262069 0.039433341 0.000444903 0.003891491 -0.012298982 0.080005661 0.007203051 0.996692479
1341846315.329931 0.030108437 -0.001001432 0.009855075 -0.009628906 0.081534848 0.009477471 0.996578872
1341846315.361981 0.029825412 -0.000399007 0.008298914 -0.004312892 0.081938535 0.013342055 0.996538758
1341846315.429923 0.037411667 -0.001888571 0.008927563 0.000404099 0.081501126 0.016768225 0.996532083
1341846315.466047 0.030842256 -0.000048692 0.004771249 0.002105852 0.089885212 0.018912429 0.995770335
1341846315.497883 0.030473420 -0.000013226 0.005970828 0.000909603 0.093051478 0.023907896 0.995373785
1341846315.566108 0.036654845 -0.001141483 0.003480687 -0.000284681 0.093326032 0.025336381 0.995313168
1341846315.597986 0.032583717 0.000561192 0.004283788 0.000671618 0.097231455 0.024705052 0.994954884
1341846315.766041 0.031441271 -0.001078279 0.006281043 -0.008645722 0.104288690 0.022846526 0.994247019
1341846315.798188 0.043945517 -0.000197550 0.006283443 -0.009225997 0.097168379 0.023097921 0.994957089
1341846315.834140 0.043936480 -0.000251144 0.007879761 -0.007821010 0.099156663 0.022561233 0.994785309
1341846316.034204 0.072532505 -0.005704784 0.007448594 0.002567984 0.085056260 0.020756826 0.996156573
1341846316.066113 0.072687969 -0.006372018 0.009474497 0.004603322 0.083890714 0.020721503 0.996248841
1341846316.202049 0.072461642 -0.007109922 0.010078776 0.004686628 0.070223913 0.017805221 0.997361302
1341846316.270052 0.057534307 -0.006314532 0.004619094 0.004750161 0.076970190 0.010396173 0.996967852
1341846316.301915 0.047612105 -0.007883164 0.006400986 0.005295158 0.082604580 0.005880439 0.996550977
1341846316.438069 0.040995184 -0.009466616 0.004538506 0.012436117 0.078405298 0.011515205 0.996777475
1341846316.502034 0.035038784 -0.006867507 -0.001558580 0.019069796 0.074227214 0.016884753 0.996916056
1341846316.705941 0.027477451 -0.010457435 -0.000688313 0.027104748 0.065873764 0.012965333 0.997375488
1341846316.770433 0.025586877 -0.009951821 -0.006362694 0.027418522 0.062840424 0.016663639 0.997507691
1341846316.805932 0.025740933 -0.011482078 -0.003976861 0.028053543 0.061883893 0.016152268 0.997558236
1341846316.838029 0.018693727 -0.010578674 -0.004559831 0.029711893 0.062639229 0.017608844 0.997438431
1341846316.870034 0.016993752 -0.011464307 -0.004602865 0.029798515 0.058506768 0.018763835 0.997665763
1341846316.906344 0.016238431 -0.011665993 -0.005978147 0.030680012 0.054596521 0.017995369 0.997874796
1341846316.937940 0.014972324 -0.011627254 -0.008851090 0.030501112 0.053143408 0.014946177 0.998009026
1341846316.973994 0.016460203 -0.010930935 -0.007518934 0.029969344 0.049402248 0.015405346 0.998210371
1341846317.005913 0.009335736 -0.013234761 -0.006749475 0.027659694 0.049005680 0.015103721 0.998301208
1341846317.037936 0.007842259 -0.014667003 -0.006495969 0.027714591 0.046255726 0.014394213 0.998441339
1341846317.073972 0.008160545 -0.013480159 -0.005753902 0.029592728 0.043455228 0.015271681 0.998500228
1341846317.106113 -0.008983907 -0.015081447 0.001322785 0.031447668 0.048929941 0.017500695 0.998153627
1341846317.173970 -0.010425580 -0.013146872 0.002318854 0.035695221 0.033937704 0.024220772 0.998492599
1341846317.205887 -0.010194350 -0.015092369 0.001081450 0.034722619 0.030036937 0.025192626 0.998627782
1341846317.248131 -0.012287886 -0.016176173 0.000173923 0.035596360 0.026893923 0.026788549 0.998645067
1341846317.306289 -0.015684705 -0.014562146 -0.000256135 0.037718818 0.020855434 0.031726986 0.998566866
1341846317.348137 -0.015318057 -0.015873583 0.000403663 0.038410258 0.021212855 0.033225331 0.998484254
1341846317.410120 -0.019357476 -0.015406970 -0.000518540 0.039697420 0.020092949 0.038090426 0.998283267
1341846317.442569 -0.017691467 -0.020588597 0.000358187 0.040484972 0.018928159 0.042101249 0.998113334
1341846317.474010 -0.021286443 -0.018724985 -0.001040847 0.047026027 0.019516176 0.045044653 0.997686625
1341846317.542282 -0.041474946 -0.017549176 -0.003847547 0.048262503 0.020267818 0.046327647 0.997553825
1341846317.573943 -0.041293189 -0.017960705 -0.002333597 0.048529446 0.020364638 0.044583488 0.997618377
1341846317.643553 -0.041435163 -0.017298715 -0.005247694 0.053744476 0.018361624 0.049535267 0.997156262
1341846317.709996 -0.041054636 -0.017644556 -0.004469169 0.056850106 0.009889526 0.050167184 0.997072458
1341846317.741834 -0.048312418 -0.011501448 -0.000553027 0.060054004 0.016460078 0.051164661 0.996747077
1341846317.841886 -0.052941959 -0.012124636 -0.001993178 0.056795508 0.010896539 0.047068916 0.997216165
1341846317.878017 -0.059582554 -0.012387985 -0.001247906 0.054231822 0.013173963 0.041831229 0.997564793
1341846317.909910 -0.064729676 -0.013282246 -0.001357321 0.053680152 0.016377939 0.037641630 0.997714043
1341846317.946031 -0.057221539 -0.019465266 -0.005334313 0.050967399 0.006347538 0.039551452 0.997896612
1341846317.978041 -0.071549982 -0.013379027 0.003290276 0.056912698 0.014145290 0.040432736 0.997459829
1341846318.078074 -0.079336919 -0.013885252 0.002724925 0.057908263 0.014262302 0.035953939 0.997572303
1341846318.109894 -0.082603410 -0.011152165 0.001628595 0.059085585 0.010202662 0.033779848 0.997629046
1341846318.145957 -0.082271285 -0.014620057 -0.000908382 0.056312297 0.007195812 0.030989384 0.997906208
1341846318.178001 -0.087412372 -0.010905378 0.002954691 0.057779793 0.009080348 0.027100604 0.997920156
1341846318.214074 -0.093651414 -0.011814874 0.007088598 0.058392175 0.007338276 0.026959568 0.997902691
1341846318.345989 -0.092371278 -0.010832121 0.003859690 0.069278963 -0.024765791 0.028371172 0.996886253
1341846318.382046 -0.092309348 -0.011048227 0.005651630 0.070626460 -0.033249043 0.025769435 0.996615469
1341846318.414072 -0.091593541 -0.011559376 0.007057421 0.071823485 -0.041639958 0.027269185 0.996174634
1341846318.446035 -0.099254310 -0.014381015 0.001829789 0.072753109 -0.044993669 0.026614079 0.995979071
1341846318.482196 -0.110785492 -0.016007237 0.000625720 0.073165655 -0.042574845 0.026783923 0.996050656
1341846318.514144 -0.122227073 -0.014854097 -0.001330620 0.074080929 -0.040478420 0.026644072 0.996074140
1341846318.650038 -0.130450234 -0.012751529 -0.001420357 0.076933585 -0.043662976 0.021074008 0.995856762
1341846318.714063 -0.133526787 -0.011491016 -0.001325742 0.076636590 -0.046535026 0.020142768 0.995768905
1341846318.749905 -0.133367255 -0.014202779 -0.003216871 0.076586127 -0.047863171 0.021601329 0.995679259
1341846318.782036 -0.146782219 -0.014170892 0.003323616 0.078388393 -0.043841500 0.024533166 0.995656192
1341846318.814121 -0.143252939 -0.013084513 0.004235117 0.078880802 -0.052659381 0.023129223 0.995223522
1341846318.982028 -0.163097844 -0.013499611 0.001258137 0.088847995 -0.088531144 0.013688603 0.992008507
1341846319.018123 -0.171471387 -0.012515236 -0.003112748 0.089335233 -0.093025789 0.014797116 0.991537392
1341846319.081905 -0.174627483 -0.017581550 0.007094402 0.092772983 -0.097734347 0.005751899 0.990862310
1341846319.117976 -0.177097216 -0.014530245 -0.001048848 0.096586883 -0.098229133 0.013718989 0.990370512
1341846319.186069 -0.185368210 -0.013262564 -0.003856886 0.097244889 -0.101893947 0.011981498 0.989958346
1341846319.218149 -0.179253712 -0.004465882 0.004099987 0.097888425 -0.099390365 0.016521888 0.990084052
1341846319.250034 -0.179720521 -0.007052734 0.000962365 0.091767065 -0.094356693 0.018817075 0.991121352
1341846319.286594 -0.185694844 -0.009985678 0.002427511 0.089490682 -0.090535872 0.022782210 0.991602540
1341846319.318034 -0.187231854 -0.012113145 -0.003177827 0.089652173 -0.089735411 0.025579730 0.991592526
1341846319.350268 -0.190602794 -0.011545271 -0.001901843 0.090242043 -0.089226849 0.031959340 0.991399765
1341846319.386163 -0.199266613 -0.012126317 -0.003187858 0.091705143 -0.092451170 0.040567219 0.990654945
1341846319.418386 -0.201935694 -0.008571729 0.005706675 0.093886644 -0.097961135 0.040509637 0.989923179
1341846319.453961 -0.198741600 -0.008863518 0.000369065 0.093737856 -0.100951463 0.038791399 0.989705622
1341846319.486271 -0.204964861 -0.008181892 -0.006612137 0.093275942 -0.099965222 0.036135655 0.989949882
1341846319.554083 -0.211479038 -0.008967599 0.009817515 0.087934487 -0.106483050 0.034966212 0.989801109
1341846319.586296 -0.216984391 -0.007747915 0.009725161 0.088891275 -0.105350561 0.030819839 0.989974618
1341846319.622031 -0.223929420 -0.009019137 -0.002176542 0.086652026 -0.107968628 0.027467491 0.989989758
1341846319.686352 -0.227432117 -0.012080271 0.005546760 0.087279141 -0.117599703 0.029543506 0.988776922
1341846319.721992 -0.228551075 -0.008373799 0.003569324 0.088330612 -0.121894017 0.030154854 0.988144815
1341846319.754063 -0.229500294 -0.002498753 0.009389754 0.086124599 -0.124634236 0.029979803 0.988003075
1341846319.786397 -0.232534125 -0.003902545 0.009802099 0.081602313 -0.124380067 0.033390667 0.988309503
1341846319.822008 -0.235154390 -0.004413879 0.007064261 0.077947281 -0.124852471 0.037535693 0.988396227
1341846319.853917 -0.236044899 -0.002857024 0.011223365 0.073292516 -0.126188725 0.041471679 0.988425374
1341846319.889942 -0.237387732 -0.009529438 0.008029014 0.068872683 -0.126712337 0.046651572 0.988445342
1341846319.922039 -0.242677778 -0.011261187 0.002687510 0.068327442 -0.129955709 0.047071218 0.988042116
1341846319.953946 -0.240437299 -0.013130142 0.007904053 0.068488307 -0.136777803 0.044918153 0.987209976
1341846319.990054 -0.239272580 -0.011831163 0.010313626 0.071819715 -0.140183657 0.037862182 0.986791253
1341846320.028122 -0.240935728 -0.013072119 0.007385328 0.073428243 -0.143880278 0.036997356 0.986173391
1341846320.090047 -0.234204918 -0.007859270 0.016223960 0.079721622 -0.152240559 0.037138619 0.984422684
1341846320.122011 -0.231579229 -0.006719800 0.016962532 0.080554701 -0.149944752 0.037199989 0.984704852
1341846320.157952 -0.229224622 -0.007564328 0.015394367 0.080758348 -0.147603109 0.038239412 0.985002100
1341846320.190003 -0.223761529 -0.012121506 0.014153332 0.082655124 -0.144228265 0.036376011 0.985415220
1341846320.221941 -0.221659273 -0.011894086 0.017987687 0.086829007 -0.141318947 0.038161531 0.985410273
1341846320.258015 -0.219350919 -0.013627694 0.017719749 0.090541229 -0.140458763 0.041543145 0.985062301
1341846320.289887 -0.213332474 -0.018059552 0.018914938 0.095030926 -0.142271131 0.043968659 0.984273732
1341846320.321954 -0.209275782 -0.017000642 0.016763758 0.103951916 -0.143541500 0.042624056 0.983246148
1341846320.357890 -0.202253565 -0.011758508 0.012743764 0.110333592 -0.143212348 0.042867023 0.982587993
1341846320.558091 -0.176385254 -0.013782203 0.006274082 0.124116883 -0.106117293 0.029867068 0.986124754
1341846320.631955 -0.142115116 -0.012366734 0.019064140 0.128774926 -0.096941754 0.024755076 0.986613691
1341846320.664916 -0.138310730 -0.010976881 0.016646223 0.128493667 -0.094680123 0.024846990 0.986867607
1341846320.699927 -0.159352317 -0.014771436 0.014760504 0.128257051 -0.089234307 0.023546543 0.987437546
1341846320.731822 -0.167850375 -0.009452922 0.013107551 0.132057190 -0.080419689 0.020350698 0.987764835
1341846320.831871 -0.133983076 -0.013288015 0.026188511 0.124326691 -0.072029844 0.013502722 0.989531338
1341846320.863887 -0.139255732 -0.004233839 0.012189005 0.123544313 -0.062587731 0.013914838 0.990265608
1341846320.900014 -0.155886054 -0.014026161 0.004295511 0.114535756 -0.065488420 0.019595226 0.991064489
1341846320.931889 -0.141793743 -0.014993556 0.005618794 0.116314292 -0.066552162 0.017727241 0.990821660
1341846321.000017 -0.143872961 -0.010130774 0.004190372 0.110183664 -0.060070653 0.012936648 0.992009938
1341846321.031860 -0.119726151 -0.013319906 0.006429709 0.107916392 -0.061507128 0.009847300 0.992206633
1341846321.068047 -0.121623367 -0.011578112 -0.001655322 0.108057037 -0.058577172 0.007578983 0.992388546
1341846321.099840 -0.122128233 -0.013178112 -0.006038712 0.105398968 -0.056724831 0.008172706 0.992777228
1341846321.131821 -0.109536298 -0.016189955 0.007779014 0.105709955 -0.056255102 0.011132653 0.992742062
1341846321.200042 -0.108294442 -0.014399974 -0.001504014 0.108464211 -0.049666282 0.010225595 0.992806256
1341846321.231950 -0.107371941 -0.016245902 0.005188255 0.107912205 -0.048060052 0.010307090 0.992944598
1341846321.367913 -0.089689754 -0.018176505 0.004632974 0.109160960 -0.036716633 -0.008354669 0.993310630
1341846321.399897 -0.087155171 -0.017940404 0.008641310 0.111105971 -0.031888213 -0.008690611 0.993258834
1341846321.435994 -0.085104749 -0.019513933 0.011145296 0.112307683 -0.028536186 -0.008797657 0.993224680
1341846321.467946 -0.083195642 -0.018017583 0.010721279 0.114624895 -0.025568925 -0.008930740 0.993039608
1341846321.499882 -0.077456512 -0.018336348 0.009843140 0.115940630 -0.023101838 -0.008488423 0.992951155
1341846321.568960 -0.072929017 -0.011893468 0.014577531 0.113810234 -0.010819612 -0.013700154 0.993349135
1341846321.637163 -0.054726154 -0.013302909 0.009793660 0.107563302 -0.005676282 -0.013068646 0.994096100
1341846321.668306 -0.064751014 -0.011996062 0.015443353 0.103435136 0.006117573 -0.011964626 0.994545400
1341846321.704411 -0.078095116 -0.014121762 0.014890327 0.099787891 0.008231446 -0.004672304 0.994963706
1341846321.736861 -0.074600630 -0.012890394 0.017075291 0.098818853 0.005736450 0.003412524 0.995083034
1341846321.871882 -0.061699115 -0.001071142 0.017502761 0.086058982 0.010661460 0.010037144 0.996182442
1341846321.939847 -0.057511985 -0.006769751 0.019256685 0.074494496 0.015032376 0.003511155 0.997101903
1341846322.034203 -0.052161556 -0.011158821 0.019934043 0.065233991 0.013145586 0.002360301 0.997780621
1341846322.107979 -0.054317549 -0.018268712 0.021466138 0.059530169 0.019971177 -0.001393029 0.998025715
1341846322.166164 -0.055937875 -0.026951900 0.021680782 0.062421974 0.019995661 -0.001750979 0.997847974
1341846322.234093 -0.055201557 -0.029195046 0.020629283 0.062970981 0.016135886 -0.003430765 0.997879028
1341846322.265941 -0.054861791 -0.033835445 0.018876968 0.059958294 0.013125692 -0.002916416 0.998110294
1341846322.301996 -0.050602335 -0.040095989 0.019623764 0.057710867 0.010679700 -0.001715575 0.998274744
1341846322.369871 -0.058982488 -0.040984184 0.019040320 0.058251321 0.004351990 -0.005101814 0.998279393
1341846322.402292 -0.051920570 -0.046702776 0.020467769 0.059882324 0.004417687 -0.010150608 0.998144031
1341846322.470030 -0.053128924 -0.068859003 0.020155288 0.071841337 0.002454130 -0.012207314 0.997338355
1341846322.502433 -0.053979021 -0.066659734 0.019796956 0.077688925 -0.001371384 -0.007985448 0.996944726
1341846322.534002 -0.049713772 -0.074154019 0.021649260 0.085701585 -0.002395358 -0.005601874 0.996302187
1341846322.601920 -0.057425965 -0.078584448 0.017146721 0.101219967 -0.004241598 -0.001310733 0.994854152
1341846322.669947 -0.043896768 -0.086785339 0.021996252 0.111354217 -0.006853226 -0.001651477 0.993755758
1341846322.702026 -0.050749488 -0.090591982 0.017779045 0.114166349 -0.003676469 -0.000822307 0.993454516
1341846322.770087 -0.045110598 -0.098710202 0.020497194 0.115358360 -0.006667768 0.001046486 0.993301034
1341846322.838063 -0.052505575 -0.105175421 0.018605497 0.120709285 -0.010095833 0.004136092 0.992627919
1341846322.870081 -0.050645381 -0.111049525 0.023307487 0.122626953 -0.015680015 0.004791540 0.992317379
1341846322.906018 -0.043668058 -0.098505154 0.022714514 0.128449351 -0.018074432 0.005638905 0.991535306
1341846322.938349 -0.044641756 -0.093032300 0.021439962 0.129552260 -0.016816588 0.006933497 0.991405725
1341846322.970069 -0.043303385 -0.095236301 0.021915376 0.124819800 -0.017353913 0.008618363 0.991990209
1341846323.073951 -0.042497072 -0.102260813 0.024093008 0.119083777 -0.017228760 0.013344932 0.992645025
1341846323.138158 -0.042152621 -0.108895376 0.024457967 0.116613820 -0.017095638 0.009659294 0.992983222
1341846323.206059 -0.039883610 -0.112258419 0.023991477 0.111637056 -0.018440302 0.006625136 0.993555844
1341846323.238053 -0.038287099 -0.112924136 0.026793664 0.109368436 -0.015591349 0.004723555 0.993867755
1341846323.273997 -0.044563711 -0.113156050 0.021331174 0.105313778 -0.013915083 0.004786375 0.994330168
1341846323.342027 -0.034669723 -0.123603567 0.027217461 0.097646393 -0.017672883 0.003552517 0.995057881
1341846323.374048 -0.043747522 -0.126806438 0.026761420 0.097884551 -0.012984453 0.004532049 0.995102763
1341846323.405987 -0.048085362 -0.124858350 0.024601569 0.097913124 -0.016620820 0.010368561 0.995002151
1341846323.441956 -0.041586403 -0.129174426 0.025822304 0.098894984 -0.021704219 0.012147481 0.994786978
1341846323.473878 -0.041039504 -0.135558665 0.027037725 0.102920853 -0.020458501 0.010894043 0.994419456
1341846323.573913 -0.036145121 -0.136017561 0.026387675 0.103925616 -0.016994908 0.001217702 0.994439125
1341846323.642014 -0.041473523 -0.141159996 0.024309717 0.103162028 -0.008412738 -0.002220183 0.994626522
1341846323.710069 -0.042662669 -0.151920974 0.025529433 0.104033872 -0.011560082 0.004475715 0.994496524
1341846323.742111 -0.043555733 -0.154601663 0.024297386 0.108655833 -0.013284904 0.005237334 0.993976831
1341846323.774928 -0.042263135 -0.154005319 0.021830261 0.112117462 -0.015762588 0.002669995 0.993566394
1341846323.810012 -0.040722966 -0.155809224 0.020177007 0.113511465 -0.017220221 -0.000859568 0.993387103
1341846323.878019 -0.039168622 -0.164631784 0.018539798 0.115244381 -0.017515665 -0.010682708 0.993125260
1341846323.909826 -0.042383496 -0.164843187 0.018305883 0.118845046 -0.019111542 -0.014507949 0.992622852
1341846323.942459 -0.039379887 -0.168666929 0.019768164 0.122248858 -0.019507881 -0.015094917 0.992192924
1341846324.015934 -0.038769543 -0.171541303 0.018479846 0.128170237 -0.024539588 -0.013637194 0.991354764
1341846324.083904 -0.038114671 -0.163806066 0.017320804 0.132473856 -0.021638282 -0.015127439 0.990834832
1341846324.115968 -0.036666099 -0.163234532 0.017608583 0.130092636 -0.020133138 -0.016322257 0.991163015
1341846324.151967 -0.034518860 -0.161218971 0.016462766 0.129870594 -0.017503718 -0.020460285 0.991165280
1341846324.219984 -0.038096312 -0.155949295 0.018650386 0.123098031 -0.010890043 -0.023815561 0.992048919
1341846324.284052 -0.040542517 -0.151703045 0.019113872 0.123006023 -0.011149229 -0.024900556 0.992030799
1341846324.319880 -0.042893790 -0.145709336 0.020375475 0.122074038 -0.014187864 -0.025088185 0.992102444
1341846324.351917 -0.040523216 -0.140245363 0.020099912 0.118840769 -0.018061643 -0.025766615 0.992414594
1341846324.419908 -0.038097013 -0.136468589 0.018268876 0.110102661 -0.016148262 -0.032562114 0.993255436
1341846324.452027 -0.040410895 -0.137141958 0.018982686 0.104966059 -0.015244711 -0.033621460 0.993790388
1341846324.519985 -0.044662725 -0.128546387 0.023256706 0.102178536 -0.017088987 -0.027088309 0.994250357
1341846324.587888 -0.043152317 -0.120155968 0.020524871 0.097174041 -0.025541166 -0.020567987 0.994727015
1341846324.620086 -0.043279711 -0.119038343 0.022453852 0.094747171 -0.028017821 -0.023001552 0.994841158
1341846324.688082 -0.042682048 -0.114199102 0.024570171 0.092868149 -0.029060118 -0.023796884 0.994969726
1341846324.755922 -0.045986589 -0.102602951 0.021974480 0.094274409 -0.031757366 -0.020120928 0.994836152
1341846324.849979 -0.045317076 -0.093285657 0.027744232 0.083586343 -0.034626350 -0.024970621 0.995585680
1341846324.881924 -0.046572655 -0.089013048 0.027058329 0.080520950 -0.035302233 -0.025620345 0.995798051
1341846324.949999 -0.046335816 -0.086613439 0.029324275 0.079505473 -0.036942977 -0.019642454 0.995956004
1341846324.981922 -0.050506145 -0.085028626 0.029704351 0.083801307 -0.038926270 -0.016422151 0.995586455
1341846325.050079 -0.050362896 -0.075453125 0.027013402 0.090058699 -0.049139086 -0.014207638 0.994621992
1341846325.081901 -0.049226139 -0.070119128 0.024918331 0.089367300 -0.054508798 -0.016668703 0.994366348
1341846325.118531 -0.044521604 -0.065025218 0.025783502 0.085290931 -0.057060905 -0.018289935 0.994552672
1341846325.181925 -0.055315569 -0.053311210 0.032188304 0.077547766 -0.052513946 -0.017330395 0.995453835
1341846325.218055 -0.055640034 -0.051153105 0.032691889 0.074538782 -0.052282497 -0.013148683 0.995759785
1341846325.249811 -0.056873932 -0.048313390 0.033474267 0.072556049 -0.052124683 -0.009646099 0.995954633
1341846325.285925 -0.055318560 -0.045075674 0.033786796 0.069891043 -0.053070445 -0.006287928 0.996122062
1341846325.317988 -0.052053466 -0.046211049 0.036874287 0.067225330 -0.051177692 -0.003702218 0.996417522
1341846325.387302 -0.045279801 -0.047918677 0.038668651 0.074336782 -0.044537775 0.001247915 0.996237397
1341846325.617990 -0.054465700 -0.018632971 0.041546106 0.098450288 -0.013075852 0.008288275 0.995021522
1341846325.653982 -0.054237135 -0.027281173 0.042843863 0.094176605 -0.011016341 0.004854931 0.995482683
1341846325.717857 -0.056625370 -0.021852778 0.044195015 0.104158662 -0.008486567 0.012542244 0.994445384
1341846325.786087 -0.048694275 -0.022995919 0.043788929 0.112635575 -0.009235319 0.019190380 0.993408084
1341846325.853827 -0.059032101 -0.011708038 0.044542052 0.118088417 -0.005547075 0.023539755 0.992708564
1341846325.953899 -0.055187602 -0.005408131 0.047345195 0.120134324 -0.012877246 0.036157668 0.992015421
1341846325.985823 -0.057690389 -0.001298095 0.048205554 0.123127125 -0.009477342 0.039870802 0.991544366
1341846326.021991 -0.059423268 -0.001638324 0.048106264 0.125368550 -0.009179671 0.045736287 0.991012931
1341846326.121822 -0.056530729 0.011994503 0.050387070 0.133429065 -0.004478719 0.046975221 0.989934325
1341846326.190178 -0.061801612 0.012998445 0.049361765 0.135754094 -0.001912021 0.047718372 0.989590883
1341846326.222162 -0.062810034 0.019258134 0.048867196 0.135433301 -0.003602054 0.053371392 0.989341378
1341846326.322766 -0.060570888 0.028099306 0.051518675 0.124361269 -0.007007254 0.056362279 0.990610182
1341846326.359773 -0.060071670 0.030553462 0.054194596 0.120702229 -0.005635866 0.054923065 0.991152167
1341846326.392109 -0.059874818 0.028526314 0.055605873 0.118900999 -0.003697079 0.054943219 0.991377890
1341846326.459869 -0.062759869 0.034934171 0.055445824 0.125070378 -0.004970061 0.064085566 0.990063488
1341846326.560211 -0.059139065 0.048715010 0.060922049 0.120758601 0.000005616 0.063876428 0.990624666
1341846326.627027 -0.059142068 0.052867699 0.061983265 0.117382608 0.003710821 0.064167656 0.991004527
1341846326.694856 -0.060065333 0.062854402 0.062592611 0.111727521 0.011058677 0.063038692 0.991675735
1341846326.762753 -0.058788318 0.068909295 0.064339831 0.099978015 0.015005777 0.057127517 0.993234932
1341846326.826821 -0.049302451 0.088015720 0.072458223 0.086240984 0.020250428 0.051961929 0.994712234
1341846326.895360 -0.051409990 0.085778192 0.074886568 0.075219691 0.021080721 0.053703446 0.995496631
1341846326.926897 -0.063428558 0.077319652 0.071004406 0.075905688 0.018935718 0.055080533 0.995412409
1341846326.994594 -0.048675917 0.097326659 0.074226603 0.081009030 0.014948973 0.061174192 0.994721949
1341846327.026301 -0.048519298 0.100766256 0.073029116 0.078789704 0.016521998 0.059955403 0.994949520
1341846327.063945 -0.048114348 0.101539344 0.073728479 0.075224556 0.018730802 0.057811432 0.995313108
1341846327.128901 -0.049838249 0.107485808 0.080334693 0.074130140 0.022022247 0.052396324 0.995627642
1341846327.161940 -0.049058639 0.110461980 0.080449469 0.073012643 0.020607863 0.052596252 0.995729923
1341846327.193867 -0.048087966 0.113518417 0.085096136 0.072128832 0.022103213 0.049430929 0.995924413
1341846327.229885 -0.046026792 0.125104889 0.084608749 0.074187241 0.024426039 0.050337076 0.995673537
1341846327.294023 -0.042668428 0.128796488 0.086003050 0.077111252 0.040093973 0.039381243 0.995437324
1341846327.330015 -0.043957893 0.135649458 0.080494992 0.079416439 0.051583733 0.037674103 0.994792819
1341846327.361939 -0.046107378 0.139447227 0.087346487 0.077067606 0.057277296 0.032401342 0.994851768
1341846327.429966 -0.050963733 0.152429581 0.086460486 0.074751019 0.060248576 0.024021929 0.995090604
1341846327.461965 -0.052106328 0.153970525 0.091037989 0.066071659 0.056417674 0.022622000 0.995961726
1341846327.497931 -0.047959141 0.153495252 0.092296384 0.060619801 0.053799476 0.020543331 0.996498287
1341846327.530068 -0.049538493 0.156854525 0.094161630 0.059201200 0.055245947 0.022667034 0.996458411
1341846327.561895 -0.051346339 0.159755901 0.097621351 0.058070969 0.053427577 0.028300004 0.996479988
1341846327.598010 -0.051112618 0.162650898 0.097241580 0.059428744 0.049988646 0.032930531 0.996436119
1341846327.662003 -0.042312447 0.161553741 0.093988702 0.051970914 0.034987818 0.029353706 0.997603774
1341846327.766017 -0.041835804 0.173515305 0.093563586 0.045623209 0.032244530 0.032092232 0.997922301
1341846327.797917 -0.041353337 0.180706516 0.094051965 0.042402443 0.031077180 0.036338877 0.997955799
1341846327.830054 -0.041536730 0.183169872 0.094455801 0.035661805 0.031136213 0.035840798 0.998235524
1341846327.865944 -0.041283604 0.184315324 0.093714423 0.031177472 0.032537308 0.034594961 0.998384953
1341846327.898010 -0.042214114 0.188298211 0.095749415 0.028955931 0.033856962 0.036470592 0.998341203
1341846327.929991 -0.043000076 0.190874398 0.096204728 0.024685208 0.032451887 0.034251843 0.998581171
1341846327.966065 -0.041472405 0.193332806 0.096097402 0.020385245 0.032199845 0.032177296 0.998755336
1341846327.998073 -0.041131184 0.197308108 0.095470801 0.014561791 0.032850824 0.030203559 0.998897672
1341846328.034045 -0.041190587 0.197996169 0.096122012 0.008134157 0.034210097 0.026802324 0.999022067
1341846328.065993 -0.041377813 0.199060515 0.096980676 0.002602712 0.035191607 0.027054764 0.999010921
1341846328.098045 -0.041327219 0.195339769 0.098355450 0.000353236 0.035838060 0.027397340 0.998981953
1341846328.133967 -0.041990504 0.194718808 0.097494453 0.003635492 0.034977641 0.030885711 0.998904109
1341846328.166023 -0.053533457 0.214323983 0.100033119 0.012546052 0.037455313 0.034665272 0.998618066
1341846328.198018 -0.053527154 0.209718570 0.098723367 0.011127671 0.034724906 0.032325335 0.998812020
1341846328.265899 -0.054065593 0.202580184 0.097634949 0.014981243 0.031712096 0.031339116 0.998893261
1341846328.302051 -0.053025801 0.197398216 0.094886862 0.016884556 0.030950082 0.031650886 0.998876989
1341846328.333917 -0.053186867 0.193347573 0.094950356 0.020487484 0.031082543 0.033995155 0.998728454
1341846328.366008 -0.053757299 0.188200489 0.094397351 0.024688097 0.030761579 0.030748937 0.998748600
1341846328.402010 -0.053468283 0.178676739 0.090666659 0.035939984 0.032829709 0.032309663 0.998291850
1341846328.433920 -0.054487724 0.174472347 0.092477202 0.040278398 0.031201072 0.032369953 0.998176515
1341846328.470003 -0.052662745 0.167926118 0.090808928 0.039358448 0.029556885 0.026061093 0.998447895
1341846328.502194 -0.051526774 0.159884542 0.089279704 0.040132202 0.031570822 0.017831065 0.998536289
1341846328.534033 -0.050430615 0.154427275 0.089404121 0.041282523 0.034166709 0.014956959 0.998451173
1341846328.570125 -0.052411657 0.133322239 0.088812813 0.041995682 0.035674062 0.015342310 0.998362839
1341846328.602804 -0.054652143 0.126622632 0.083456874 0.047219999 0.031522442 0.018782387 0.998210311
1341846328.702975 -0.048709270 0.111762077 0.082944378 0.059356913 0.012658736 0.017580824 0.998001754
1341846328.738215 -0.049101412 0.104876764 0.082857400 0.064093389 0.011845942 0.011588695 0.997806311
1341846328.802331 -0.047716010 0.097380519 0.081016406 0.068930246 0.006586690 0.013144122 0.997513115
1341846328.869939 -0.045104321 0.094404757 0.078147396 0.073307551 0.002611740 0.009940788 0.997256398
1341846328.904486 -0.045077652 0.088261336 0.077332586 0.068230294 -0.000315196 0.009323015 0.997626007
1341846328.970217 -0.053296864 0.055493109 0.067090422 0.072367229 -0.004549650 0.012979529 0.997283220
1341846329.006232 -0.052493300 0.052615814 0.065938257 0.073268197 -0.006888054 0.017298307 0.997138441
1341846329.038243 -0.036578834 0.057127673 0.070375189 0.076898418 -0.009966558 0.019009233 0.996807873
1341846329.138340 -0.035674222 0.051473681 0.068041891 0.081710465 -0.011070038 0.016026461 0.996465743
1341846329.208656 -0.034415435 0.049147826 0.065257095 0.084535837 -0.013549377 0.014228708 0.996226728
1341846329.273827 -0.034146894 0.044584274 0.064218715 0.082149185 -0.015421423 0.014476219 0.996395588
1341846329.306052 -0.034278419 0.044663839 0.061843663 0.083034612 -0.017708233 0.013559682 0.996297061
1341846329.373907 -0.032975085 0.038000904 0.061160091 0.075585812 -0.020390267 0.010370735 0.996876836
1341846329.405985 -0.032392099 0.035007052 0.059641130 0.076790541 -0.021858474 0.007418032 0.996780038
1341846329.442057 -0.031108104 0.034293305 0.058018439 0.076595508 -0.022771185 0.004043708 0.996793985
1341846329.473950 -0.032808647 0.030290414 0.058445945 0.075304292 -0.023120778 -0.002213033 0.996890068
1341846329.574086 -0.032583304 0.020180460 0.056137569 0.075623803 -0.030440403 -0.007034968 0.996646881
1341846329.606387 -0.032562565 0.020724231 0.053976886 0.078742571 -0.030850118 -0.008187644 0.996383846
1341846329.681570 -0.049046002 0.005543304 0.045854129 0.076875038 -0.032706261 -0.008612029 0.996466935
1341846329.748113 -0.032460246 0.014725094 0.051503163 0.080026835 -0.035028853 -0.010560625 0.996121049
1341846329.810175 -0.048004832 -0.003026748 0.045193549 0.076812558 -0.029843053 -0.006475891 0.996577799
1341846329.874044 -0.035387963 0.003701619 0.052154008 0.081045084 -0.031091617 0.000087137 0.996225357
1341846329.942009 -0.049632803 -0.005916246 0.042931892 0.076351486 -0.030376855 0.006914646 0.996594131
1341846330.016305 -0.047725186 -0.010647882 0.042599406 0.075961776 -0.030239385 0.006963081 0.996627748
1341846330.048192 -0.049141094 -0.009558559 0.040293053 0.072182842 -0.028301043 0.007828604 0.996959090
1341846330.115886 -0.049200516 -0.019772036 0.041854814 0.069541588 -0.027084460 0.010736180 0.997153521
1341846330.147839 -0.050420906 -0.015053816 0.039250590 0.072937742 -0.026550744 0.012191843 0.996908426
1341846330.215852 -0.049819719 -0.015970772 0.040010221 0.061717741 -0.026489375 0.015250998 0.997625470
1341846330.247833 -0.051247790 -0.017506378 0.040110238 0.059695862 -0.025458517 0.013751160 0.997797191
1341846330.316011 -0.053300034 -0.018374192 0.039032370 0.049788967 -0.026437299 0.013490352 0.998318613
1341846330.347868 -0.053362798 -0.020893918 0.039423261 0.047331128 -0.028370665 0.012791450 0.998394370
1341846330.415934 -0.052010708 -0.025880326 0.039906695 0.044583376 -0.028220847 0.011676827 0.998538733
1341846330.452561 -0.053920120 -0.025725227 0.039193593 0.047638424 -0.028217403 0.010112317 0.998414814
1341846330.483903 -0.055024747 -0.024558142 0.037989326 0.047859456 -0.029868571 0.012139068 0.998333573
1341846330.552099 -0.054331038 -0.027691046 0.037720967 0.047331221 -0.033752639 0.018214909 0.998142660
1341846330.583876 -0.054791160 -0.025287066 0.035836671 0.047223393 -0.033783909 0.018530766 0.998140872
1341846330.619992 -0.047242898 -0.029538866 0.037829399 0.042542454 -0.035102218 0.016895439 0.998334885
1341846330.652136 -0.046175763 -0.032183737 0.037081733 0.035598099 -0.037068583 0.015670560 0.998555541
1341846330.683796 -0.047024239 -0.032855436 0.036883611 0.031249687 -0.036660079 0.014444181 0.998734653
1341846330.719991 -0.049419414 -0.037540313 0.034849726 0.027790105 -0.038224131 0.015151125 0.998767793
1341846330.752103 -0.050057296 -0.038557250 0.033498917 0.029345693 -0.042389493 0.019191461 0.998485684
1341846330.819823 -0.050234661 -0.036406379 0.031712852 0.030309321 -0.051648397 0.024043605 0.997915685
1341846330.888445 -0.051966578 -0.026299417 0.026012260 0.027534682 -0.054985937 0.025727244 0.997775793
1341846330.949903 -0.052964631 -0.029342756 0.026059546 0.018094150 -0.057285652 0.024608362 0.997890472
1341846331.014111 -0.053617034 -0.027545413 0.024712974 0.018817998 -0.066023573 0.025698435 0.997309566
1341846331.082139 -0.054463495 -0.028492367 0.023278087 0.020465242 -0.068717815 0.022803444 0.997165501
1341846331.149989 -0.054433741 -0.030644406 0.022566631 0.020161705 -0.071842417 0.020914152 0.996992826
1341846331.181954 -0.055181377 -0.030548221 0.021174870 0.023376223 -0.072100073 0.019905888 0.996924698
1341846331.218151 -0.057344325 -0.025650149 0.019897677 0.024018869 -0.074605465 0.020584248 0.996711314
1341846331.249914 -0.053518463 -0.029093213 0.021248788 0.021120442 -0.077356815 0.019865168 0.996581793
1341846331.349926 -0.049968854 -0.027697293 0.021911211 0.031153798 -0.065912060 0.015216742 0.997222900
1341846331.382003 -0.040280856 -0.034423210 0.029723175 0.032345057 -0.061456937 0.014524619 0.997479737
1341846331.418008 -0.046759680 -0.030367779 0.026025038 0.040711522 -0.049782034 0.013728098 0.997835577
1341846331.450327 -0.049398921 -0.028123638 0.025810126 0.043111343 -0.044191938 0.013844137 0.997996390
1341846331.486219 -0.051169265 -0.026443584 0.027531590 0.043269768 -0.041831996 0.015004382 0.998074472
1341846331.550202 -0.047084957 -0.029745076 0.030347325 0.043797094 -0.037358634 0.012362252 0.998265147
1341846331.586139 -0.050600655 -0.025896695 0.031953700 0.046766780 -0.034911659 0.012462702 0.998217762
1341846331.617931 -0.048258889 -0.025101399 0.034243025 0.045916114 -0.035575062 0.013184848 0.998224556
1341846331.686123 -0.048083961 -0.024085965 0.037760250 0.048975542 -0.030262681 0.015316655 0.998223901
1341846331.717954 -0.049330894 -0.021432918 0.040647469 0.046214286 -0.030975187 0.015760245 0.998326838
1341846331.754076 -0.045685597 -0.026050506 0.043143831 0.042964268 -0.031274360 0.014604014 0.998480201
1341846331.818053 -0.047396466 -0.022136511 0.050124656 0.047295917 -0.026497519 0.013610874 0.998436630
1341846331.853849 -0.047273993 -0.024598930 0.052986849 0.045414295 -0.026017852 0.012974925 0.998545110
1341846331.885987 -0.044533361 -0.025381159 0.056471728 0.048024699 -0.024209147 0.011418432 0.998487413
1341846331.922014 -0.046275988 -0.022810040 0.060472146 0.050616529 -0.020497238 0.009794912 0.998459756
1341846331.954037 -0.044228423 -0.023197765 0.063048951 0.050328054 -0.018316759 0.010686429 0.998507559
1341846332.054175 -0.088155322 -0.054037891 0.076621152 0.052924093 0.014113955 -0.004534125 0.998488486
1341846332.086502 -0.087179810 -0.052771665 0.079356581 0.056093495 0.013921612 -0.002573806 0.998325109
1341846332.122051 -0.087513879 -0.051029395 0.082893983 0.058110408 0.014954893 -0.003614433 0.998191595
1341846332.190165 -0.089088231 -0.046963658 0.089397840 0.050617654 0.013604690 -0.008395707 0.998590112
1341846332.254145 -0.089013591 -0.052592240 0.098744616 0.049372520 0.013600686 -0.010007713 0.998637676
1341846332.354003 -0.085882857 -0.053236745 0.107415751 0.054420151 0.013696427 -0.007311974 0.998397410
1341846332.422055 -0.088236228 -0.049271412 0.112377010 0.054870270 0.021342624 -0.014609196 0.998158455
1341846332.489993 -0.089201532 -0.048549358 0.118516505 0.055437319 0.025569135 -0.017539445 0.997980595
1341846332.558114 -0.091102481 -0.048976630 0.123169623 0.054266244 0.017267076 -0.006004188 0.998359144
1341846332.589874 -0.087758228 -0.045782194 0.123531386 0.054485384 0.013451015 -0.000314328 0.998423934
1341846332.621889 -0.048291434 -0.014015632 0.145371869 0.063761637 -0.008292025 0.019751929 0.997735202
1341846332.658202 -0.046820879 -0.015723359 0.149612963 0.059568387 -0.007979932 0.018557342 0.998019814
1341846332.690001 -0.047267810 -0.015009900 0.151031122 0.057493161 -0.006945260 0.018954810 0.998141766
1341846332.758386 -0.046890646 -0.016655615 0.156625554 0.056583934 -0.010512304 0.024789471 0.998034656
1341846332.857898 -0.043797944 -0.015565373 0.164419979 0.054574497 -0.006526387 0.021262242 0.998261929
1341846332.894069 -0.043318581 -0.011813771 0.167563707 0.055186778 -0.006521456 0.021290952 0.998227715
1341846332.926029 -0.040657546 -0.010878387 0.170574889 0.051898610 -0.006721237 0.020198613 0.998425424
1341846332.994073 -0.039777696 -0.009580853 0.175616249 0.046330024 -0.003132197 0.015226170 0.998805225
1341846333.026545 -0.038551107 -0.009461943 0.178530812 0.043859031 -0.002094587 0.012932488 0.998951852
1341846333.094024 -0.036925744 -0.009769218 0.181713805 0.042753927 0.001508256 0.015838064 0.998958945
1341846333.126095 -0.035053264 -0.008674999 0.183477759 0.043530945 0.002595971 0.018755471 0.998872638
1341846333.161973 -0.030466059 -0.004896233 0.190068960 0.043167129 0.004541414 0.020831609 0.998840332
1341846333.226331 -0.032148499 -0.006609489 0.188089728 0.039009318 0.007343083 0.022707019 0.998953819
1341846333.326100 -0.028195167 -0.003222332 0.198401317 0.031517968 0.006115082 0.018864302 0.999306440
1341846333.362100 -0.027679443 -0.001160905 0.199176952 0.028627228 0.005631905 0.016739853 0.999434114
1341846333.394119 -0.028414585 -0.002733470 0.202196121 0.025045238 0.005146748 0.015961450 0.999545634
1341846333.494040 -0.025811583 -0.002846250 0.203504428 0.025024353 0.003595548 0.013733556 0.999586046
1341846333.529953 -0.024524171 -0.002914895 0.203628182 0.025887098 0.004216651 0.013744238 0.999561489
1341846333.562063 -0.025607962 -0.001849201 0.204116449 0.027164781 0.007151088 0.015088017 0.999491513
1341846333.594090 -0.027787607 -0.000158825 0.204052314 0.025937255 0.007129265 0.015450238 0.999518752
1341846333.629994 -0.065518677 -0.028994374 0.180927083 0.009675182 0.026839357 -0.002618738 0.999589503
1341846333.662127 -0.064665936 -0.029723505 0.179636002 0.006546630 0.025723509 -0.003095099 0.999642849
1341846333.697964 -0.064648159 -0.031068534 0.180586651 0.004515720 0.025627639 -0.002632288 0.999657869
1341846333.730092 -0.065408781 -0.031908158 0.178714588 0.006556054 0.026054518 -0.001506949 0.999637902
1341846333.762089 -0.065721750 -0.031563736 0.177179486 0.008341837 0.026998013 -0.000065981 0.999600708
1341846333.798006 -0.027277233 -0.001851655 0.201546639 0.022818001 0.005311818 0.016854640 0.999583423
1341846333.830055 -0.026601708 -0.001561148 0.199037850 0.025314521 0.006263867 0.014882966 0.999549150
1341846333.897987 -0.028732972 -0.002417158 0.197664052 0.028165096 0.008164786 0.012484745 0.999491990
1341846333.965889 -0.029458646 -0.003279625 0.193741947 0.033113897 0.010004031 0.011386195 0.999336660
1341846333.997985 -0.029544927 -0.004924478 0.192161202 0.035214040 0.010691137 0.011051887 0.999261498
1341846334.030076 -0.030178763 -0.004101848 0.189472869 0.038789034 0.012222763 0.011620979 0.999105096
1341846334.066000 -0.031843871 -0.004828794 0.187199667 0.040046759 0.012168638 0.013226354 0.999036133
1341846334.097932 -0.031207740 -0.004569255 0.184441328 0.042118046 0.011806251 0.013207349 0.998955607
1341846334.133884 -0.032576319 -0.004883367 0.182678238 0.043547496 0.013032056 0.013387624 0.998876631
1341846334.166115 -0.034602314 -0.004150573 0.180496052 0.044180851 0.012300513 0.013986343 0.998849928
1341846334.198072 -0.034659602 -0.004988126 0.178008065 0.044312391 0.010648659 0.013330528 0.998871982
1341846334.266045 -0.036081769 -0.005452865 0.174028859 0.044632051 0.012823612 0.012319367 0.998845220
1341846334.297946 -0.039074715 -0.005443857 0.172036454 0.046000816 0.012011093 0.013443538 0.998778701
1341846334.334036 -0.038399354 -0.004421556 0.170268968 0.046565514 0.009888127 0.014523306 0.998760700
1341846334.365871 -0.038972687 -0.003546282 0.165167242 0.046117667 0.009791112 0.013281799 0.998799741
1341846334.401845 -0.040276736 -0.004166988 0.163327307 0.044672865 0.010901474 0.011569657 0.998875201
1341846334.433864 -0.043348644 -0.005968053 0.160523385 0.044526186 0.010629207 0.011945169 0.998880267
1341846334.502142 -0.044866312 -0.003470083 0.155795813 0.044566501 0.007638362 0.013619352 0.998884380
1341846334.540153 -0.045268424 -0.004062088 0.152837828 0.043881133 0.006471875 0.012491894 0.998937666
1341846334.602351 -0.049636673 -0.001266960 0.147907913 0.039688386 0.003418047 0.005121901 0.999193132
1341846334.670161 -0.050346505 -0.003189273 0.142835498 0.034384239 0.000857748 -0.002026264 0.999406278
1341846334.734751 -0.052839916 -0.004749177 0.136835307 0.032942697 -0.003678795 -0.000103949 0.999450445
1341846334.802194 -0.056377266 -0.004128964 0.130619839 0.032602157 -0.007201232 0.003542807 0.999436140
1341846334.833908 -0.055037253 -0.003490149 0.126717448 0.032244168 -0.009329039 0.002025818 0.999434471
1341846334.902006 -0.057952393 -0.003270721 0.120034710 0.029137919 -0.010835807 0.002264767 0.999514103
1341846334.970032 -0.057577178 -0.003856495 0.114378266 0.028375383 -0.015198365 0.001037192 0.999481261
1341846335.002203 -0.058999743 -0.005891688 0.110218279 0.029306255 -0.014740387 0.002532093 0.999458611
1341846335.069990 -0.059681654 -0.003392340 0.103370152 0.032798190 -0.020710601 0.004384727 0.999237776
1341846335.106038 -0.058496952 -0.004816822 0.100709371 0.032517411 -0.020162748 0.003273989 0.999262393
1341846335.138045 -0.061767545 -0.005576069 0.097151197 0.034256943 -0.018276310 0.002180965 0.999243557
1341846335.206091 -0.062080938 -0.003819497 0.090156443 0.034068100 -0.022999963 0.000181651 0.999154866
1341846335.305972 -0.064706221 -0.006527398 0.079279743 0.037024334 -0.021755286 -0.003266517 0.999072194
1341846335.338012 -0.063212164 -0.006623324 0.076949589 0.038460772 -0.023824522 -0.001525715 0.998974919
1341846335.406025 -0.062570035 -0.010707190 0.069448166 0.048093613 -0.019920189 0.001216300 0.998643458
1341846335.438079 -0.063039742 -0.007005204 0.064883687 0.054387607 -0.019092245 0.004739434 0.998326123
1341846335.473998 -0.102806002 -0.032362949 0.055216383 0.044387687 0.003263565 -0.010615386 0.998952687
1341846335.507038 -0.102672189 -0.030603373 0.051657271 0.045841776 0.005842428 -0.012508432 0.998853326
1341846335.574119 -0.106513910 -0.027249962 0.044291243 0.043273423 0.008925151 -0.014759831 0.998914361
1341846335.605970 -0.106408410 -0.029722689 0.043406770 0.041275073 0.007862475 -0.014961184 0.999004841
1341846335.641978 -0.063890912 -0.001544305 0.046353623 0.055089228 -0.012473380 -0.000068321 0.998403490
1341846335.673993 -0.107962206 -0.028534908 0.036398675 0.042503227 0.009947018 -0.018145187 0.998881996
1341846335.706178 -0.066779733 -0.000444236 0.038006268 0.054477911 -0.012567562 0.000065267 0.998435855
1341846335.773960 -0.066646136 0.000178982 0.030784853 0.055212971 -0.012393882 -0.001222703 0.998396933
1341846335.806271 -0.066740490 0.002328859 0.026870579 0.053516503 -0.013017713 -0.001109484 0.998481512
1341846335.842031 -0.065477669 0.000468637 0.025535528 0.051058870 -0.012663297 -0.000444279 0.998615265
1341846335.910005 -0.068615578 0.001658327 0.015354859 0.051671524 -0.010330193 -0.000192984 0.998610675
1341846335.941936 -0.069682822 0.001948288 0.011870863 0.050635833 -0.012209293 0.001071587 0.998641968
1341846335.974198 -0.067927256 0.001889615 0.008619478 0.050339017 -0.013521023 -0.000410684 0.998640597
1341846336.010032 -0.070600048 0.002915791 0.006411483 0.050465405 -0.013068074 -0.002496181 0.998637199
1341846336.042129 -0.072003953 0.003106113 0.001528128 0.049558368 -0.014134389 -0.002133870 0.998668909
1341846336.078076 -0.072265603 0.002104879 -0.000095412 0.049319785 -0.016199116 -0.002565498 0.998648345
1341846336.142002 -0.074719340 0.002429618 -0.005792415 0.049692810 -0.016175022 -0.003300325 0.998628139
1341846336.183953 -0.075571910 0.004320072 -0.010697165 0.049652789 -0.018545618 -0.002630558 0.998590887
1341846336.241891 -0.074658088 0.004327569 -0.011292486 0.047632724 -0.020128798 -0.002216290 0.998659611
1341846336.277946 -0.077900112 0.002444329 -0.015023893 0.047754608 -0.018987505 -0.001591493 0.998677373
1341846336.346143 -0.078815855 0.004114592 -0.020977868 0.052369863 -0.022886811 0.002938583 0.998361111
1341846336.377975 -0.077627510 0.003145841 -0.023478381 0.052741658 -0.023199197 0.003463635 0.998332679
1341846336.477990 -0.080041796 0.005391833 -0.032478642 0.052429825 -0.022548672 0.002511646 0.998366892
1341846336.510056 -0.080814764 0.004566681 -0.034693576 0.052715138 -0.021628233 0.002303948 0.998372674
1341846336.546024 -0.080459408 0.004934488 -0.039234761 0.053778213 -0.021667542 0.004512792 0.998307586
1341846336.578003 -0.081110373 0.007251980 -0.042271629 0.053839788 -0.022173258 0.006544783 0.998281896
1341846336.614020 -0.079196423 0.007537644 -0.043340307 0.053122617 -0.022170607 0.006387544 0.998321414
1341846336.645982 -0.081642717 0.009649605 -0.045608632 0.052453563 -0.020275552 0.005487659 0.998402417
1341846336.714024 -0.085162260 0.005325324 -0.047585331 0.051269587 -0.023830552 0.005088134 0.998387516
1341846336.746016 -0.086573727 0.004707137 -0.050546691 0.054852545 -0.025831271 0.007163153 0.998134553
1341846336.778014 -0.088303059 0.006879774 -0.058817506 0.057897735 -0.029360615 0.010097400 0.997839570
1341846336.820006 -0.087465130 0.009343999 -0.057389043 0.058646124 -0.033558991 0.012922847 0.997630894
1341846336.882056 -0.087942667 0.008606574 -0.062146857 0.061218783 -0.035594534 0.011351162 0.997424901
1341846336.914273 -0.089256108 0.005791885 -0.065347478 0.062804475 -0.039978940 0.013651834 0.997131348
1341846336.945998 -0.090012975 0.004668843 -0.066832162 0.068817101 -0.046331171 0.015246703 0.996436238
1341846337.014238 -0.090321004 0.015654862 -0.067458436 0.070942730 -0.053192358 0.012071801 0.995987952
1341846337.046017 -0.088349789 0.012794614 -0.064525813 0.068109058 -0.054760940 0.007748742 0.996143758
1341846337.114317 -0.091227986 0.013347438 -0.069599472 0.065684497 -0.056812219 0.003815869 0.996214509
1341846337.150037 -0.089546204 0.012282168 -0.071285151 0.064008616 -0.058949959 0.002269377 0.996204138
1341846337.181873 -0.087836847 0.013236042 -0.070023522 0.063701428 -0.059088644 -0.000489931 0.996218085
1341846337.214073 -0.090025924 0.015854208 -0.070622772 0.061910447 -0.057307940 -0.002969272 0.996430695
1341846337.282028 -0.093903787 0.010448171 -0.075456500 0.059427109 -0.062334485 0.001628092 0.996283174
1341846337.317920 -0.090994239 0.012547459 -0.074234396 0.059419464 -0.064291134 0.002012030 0.996158540
1341846337.350018 -0.089698248 0.014964825 -0.078508295 0.058118753 -0.063530475 0.001388816 0.996285200
1341846337.450137 -0.093522437 0.013235632 -0.079513930 0.056565087 -0.063967302 0.001119546 0.996347010
1341846337.482096 -0.092055500 0.011152856 -0.078110702 0.054665539 -0.064621679 0.002150161 0.996409118
1341846337.549978 -0.092854880 0.013665611 -0.080460317 0.056395750 -0.065590009 0.000371478 0.996251643
1341846337.585971 -0.092442214 0.012570467 -0.080854848 0.053329710 -0.066016942 -0.000549751 0.996392190
1341846337.650141 -0.091587685 0.012068243 -0.080156527 0.057097930 -0.067093529 -0.000566442 0.996111393
1341846337.686352 -0.091449060 0.014249422 -0.079016492 0.055722278 -0.066976562 -0.000409346 0.996197224
1341846337.749920 -0.090106167 0.012811427 -0.075546585 0.053401422 -0.064823017 -0.000845657 0.996466517
1341846337.786157 -0.089138657 0.015237609 -0.077548206 0.050629709 -0.062022947 -0.001003382 0.996789217
1341846337.854071 -0.087002195 0.015098816 -0.073748901 0.046983797 -0.057107806 0.000264347 0.997261822
1341846337.885951 -0.089307629 0.016670115 -0.073959522 0.044049885 -0.053909767 -0.002273921 0.997571111
1341846337.918223 -0.087985590 0.017153785 -0.070544824 0.039901953 -0.052885469 -0.004794124 0.997791529
1341846337.954120 -0.087724738 0.014924347 -0.069313958 0.037338246 -0.051454302 -0.005174030 0.997963667
1341846337.985994 -0.086544380 0.018447850 -0.066839360 0.035272494 -0.050861657 -0.004920282 0.998070478
1341846338.085986 -0.083541915 0.018187033 -0.055736318 0.026168253 -0.045055803 -0.005009278 0.998629093
1341846338.154089 -0.085106678 0.017017541 -0.051545713 0.023247764 -0.041871998 -0.000358331 0.998852432
1341846338.186029 -0.083809383 0.017366797 -0.049832419 0.022123989 -0.042595074 0.002702110 0.998843789
1341846338.222071 -0.081570923 0.018263660 -0.045781065 0.020931706 -0.041757759 0.002188415 0.998906076
1341846338.254107 -0.082430743 0.017042667 -0.043121938 0.018976828 -0.039577469 0.002282507 0.999033689
1341846338.321952 -0.081285916 0.018517690 -0.037351348 0.019795839 -0.038998060 0.006163325 0.999024153
1341846338.354022 -0.082051627 0.017285194 -0.034298435 0.019076971 -0.038100645 0.006249676 0.999072254
1341846338.389969 -0.082151681 0.018526819 -0.032673828 0.018633613 -0.037111040 0.006568922 0.999115825
1341846338.454010 -0.081186771 0.020107359 -0.023302943 0.016416911 -0.037304837 0.005463064 0.999154150
1341846338.522066 -0.078718841 0.016507000 -0.016759772 0.014380665 -0.038066477 0.006348621 0.999151587
1341846338.558058 -0.078860611 0.020620529 -0.016224546 0.014681388 -0.037803750 0.005121863 0.999164224
1341846338.589842 -0.077430084 0.019130191 -0.009777317 0.012155724 -0.038545210 0.005197796 0.999169409
1341846338.657984 -0.082694106 0.017129216 -0.005976688 0.011648780 -0.034824889 0.007447384 0.999297798
1341846338.757945 -0.081424758 0.017315974 0.002418801 0.009092065 -0.034558959 0.008689092 0.999323547
1341846338.790039 -0.079315953 0.017378561 0.007870803 0.006812968 -0.037118915 0.009843485 0.999239147
1341846338.858027 -0.078342654 0.018477703 0.012416875 0.007326285 -0.034677994 0.007069217 0.999346673
1341846338.889902 -0.077268273 0.018870585 0.016760342 0.004943358 -0.035706166 0.006626371 0.999328136
1341846338.925948 -0.073648795 0.017437620 0.022061266 0.004190844 -0.035969079 0.005416137 0.999329448
1341846338.990057 -0.075359605 0.017886629 0.027735153 0.004896266 -0.033278275 0.004701619 0.999423087
1341846339.057939 -0.072665125 0.017549777 0.033889189 0.009147973 -0.030624937 0.006001529 0.999471068
1341846339.093927 -0.074895114 0.020796647 0.036765151 0.009008026 -0.030398894 0.006465100 0.999476314
1341846339.126562 -0.069939822 0.023091488 0.043487217 0.006244255 -0.032455865 0.005448212 0.999438822
1341846339.157969 -0.064869747 0.023578968 0.048333772 0.004768618 -0.032127753 0.004204322 0.999463558
1341846339.326577 -0.070490010 0.027960312 0.059301388 -0.007097861 -0.028278289 0.010512395 0.999519587
1341846339.362269 -0.065359391 0.024357183 0.064153321 -0.012971919 -0.031619057 0.010160459 0.999364138
1341846339.394725 -0.060472853 0.027794944 0.069692679 -0.011488370 -0.032183237 0.008721177 0.999377906
1341846339.462186 -0.058523972 0.026513238 0.075190805 -0.015495685 -0.033534214 0.009305631 0.999274075
1341846339.496743 -0.054568902 0.024895854 0.079673916 -0.013290676 -0.030575966 0.008033119 0.999411821
1341846339.562052 -0.057918284 0.025088146 0.084718004 -0.011626974 -0.026039701 0.008452639 0.999557555
1341846339.595122 -0.052753076 0.025876893 0.087197781 -0.009448918 -0.026861941 0.009035239 0.999553680
1341846339.632085 -0.052677646 0.025719127 0.092742667 -0.008149645 -0.023214636 0.006969005 0.999672949
1341846339.664568 -0.052768566 0.025646826 0.093657590 -0.007806954 -0.020185363 0.004313335 0.999756455
1341846339.698896 -0.051982548 0.024314715 0.097976595 -0.008325466 -0.019375365 0.003526982 0.999771416
1341846339.731977 -0.050356973 0.024824407 0.100996345 -0.007813969 -0.019382700 0.002075113 0.999779463
1341846339.762241 -0.049395844 0.023291932 0.102313988 -0.008007658 -0.018272484 0.001901133 0.999799192
1341846339.797873 -0.049990058 0.024849461 0.105184197 -0.007264429 -0.017229434 0.002364994 0.999822378
1341846339.830245 -0.048477665 0.024575545 0.107900232 -0.007603879 -0.018111017 0.003003419 0.999802530
1341846339.862015 -0.046617981 0.024771504 0.110440306 -0.008109751 -0.018467007 0.003407720 0.999790728
1341846340.029925 -0.041536245 0.022416685 0.121629141 -0.006548541 -0.013943038 0.006961003 0.999857128
1341846340.066044 -0.041379254 0.022131570 0.123848610 -0.004404710 -0.012708174 0.008261643 0.999875367
1341846340.130102 -0.040446784 0.022372540 0.127679184 -0.004090209 -0.012131303 0.007711725 0.999888301
1341846340.166041 -0.038892824 0.020730069 0.128526092 -0.003586518 -0.010300940 0.006087853 0.999921978
1341846340.197867 -0.039432935 0.022028932 0.132413670 -0.002038907 -0.007515920 0.005713857 0.999953330
1341846340.229904 -0.039141469 0.022772294 0.133332133 -0.003056575 -0.007733395 0.005286663 0.999951422
1341846340.265859 -0.036709100 0.020526528 0.137655139 -0.004297577 -0.007192047 0.005178063 0.999951482
1341846340.298061 -0.036775216 0.021866381 0.139237076 -0.001713583 -0.004971619 0.005049648 0.999973416
1341846340.334063 -0.038475662 0.023480421 0.140098691 -0.002405814 -0.005032162 0.006925273 0.999960482
1341846340.366064 -0.036181707 0.021371424 0.142285869 -0.004585013 -0.007620393 0.006605096 0.999938607
1341846340.397995 -0.034287143 0.021458814 0.144867539 -0.002802740 -0.007567109 0.006478550 0.999946475
1341846340.433895 -0.035564519 0.021831719 0.144716650 -0.001813376 -0.007290805 0.006773286 0.999948800
1341846340.465959 -0.035208128 0.020909665 0.146130785 -0.001431879 -0.009656752 0.008456734 0.999916553
1341846340.501858 -0.033062670 0.021256838 0.147199109 -0.000648453 -0.013507644 0.009201392 0.999866188
1341846340.534329 -0.030813526 0.021533875 0.147942960 -0.000209387 -0.015350848 0.008559431 0.999845505
1341846340.566041 -0.029923918 0.020074122 0.147875026 0.000485772 -0.016252372 0.009188882 0.999825597
1341846340.634005 -0.027080778 0.021792002 0.146920919 0.004339249 -0.017604286 0.009349326 0.999791920
1341846340.666028 -0.024914972 0.020092947 0.145808011 0.003739632 -0.017924031 0.007478543 0.999804378
1341846340.701946 -0.023641523 0.018971657 0.144875988 0.005267294 -0.016731350 0.005027039 0.999833524
1341846340.770081 -0.023752728 0.021767082 0.144995287 0.006599739 -0.014091918 0.000922207 0.999878466
1341846340.801980 -0.021525955 0.019652106 0.142401680 0.005927860 -0.013650875 -0.004415134 0.999879479
1341846340.833999 -0.021697262 0.021389902 0.142924264 0.006345982 -0.011308414 -0.008532258 0.999879539
1341846340.870013 -0.023218250 0.020718643 0.142995238 0.004741486 -0.010869784 -0.010481967 0.999874711
1341846340.901955 -0.022959372 0.020428112 0.143400341 0.005873595 -0.011324874 -0.010842227 0.999859810
1341846340.933918 -0.023166476 0.020199902 0.142365158 0.007595661 -0.011889023 -0.008263622 0.999866307
1341846340.970122 -0.024552325 0.020759745 0.139263749 0.008883659 -0.014572116 -0.003916871 0.999846697
1341846341.001922 -0.025096241 0.019771507 0.139276788 0.009837049 -0.018210543 0.000804521 0.999785423
1341846341.037923 -0.022771085 0.020400565 0.138095856 0.011124871 -0.021386696 0.004446130 0.999699473
1341846341.070300 -0.023245297 0.019828323 0.137839332 0.011407175 -0.021859206 0.004395422 0.999686301
1341846341.102028 -0.023814891 0.020362355 0.137112305 0.011616285 -0.023135766 0.004800177 0.999653339
1341846341.137982 -0.023230901 0.020535149 0.135456383 0.011532024 -0.025138697 0.005172982 0.999604046
1341846341.170048 -0.022968069 0.019364871 0.135166228 0.011953789 -0.025545251 0.005845808 0.999585092
1341846341.202110 -0.023095563 0.019142559 0.135475904 0.013197524 -0.025902364 0.007536104 0.999548912
1341846341.237996 -0.021461241 0.018389149 0.133894876 0.014602307 -0.026171921 0.009030097 0.999509990
1341846341.269883 -0.023184827 0.019734960 0.132960439 0.016166605 -0.025338221 0.009078993 0.999506950
1341846341.306107 -0.023969669 0.019216364 0.131322429 0.016588138 -0.025442913 0.007417470 0.999511123
1341846341.338109 -0.022524029 0.018591184 0.130778536 0.017265961 -0.025320886 0.005832714 0.999513209
1341846341.370120 -0.022739677 0.019009510 0.130793601 0.017929755 -0.023973346 0.003278065 0.999546409
1341846341.406074 -0.024534745 0.019320287 0.131570518 0.018127721 -0.023264935 0.002149231 0.999562621
1341846341.438113 -0.025098268 0.016913477 0.130996972 0.018681237 -0.024969714 0.002406482 0.999510705
1341846341.470024 -0.022838017 0.017305691 0.129136577 0.021371262 -0.025850384 0.001553597 0.999436140
1341846341.506077 -0.023232631 0.019407257 0.129951701 0.022124184 -0.024729116 0.000047709 0.999449313
1341846341.538156 -0.026326122 0.018110607 0.129434794 0.020850534 -0.025587115 -0.000590578 0.999454975
1341846341.574016 -0.024711316 0.018107094 0.128193006 0.021764234 -0.028350076 0.000969405 0.999360621
1341846341.612466 -0.025368497 0.019351158 0.127745762 0.022616737 -0.028596476 0.001206872 0.999334395
1341846341.679982 -0.026053611 0.018719308 0.128111377 0.021350304 -0.031587016 0.000652300 0.999272764
1341846341.744185 -0.025450896 0.019470150 0.125392288 0.022079634 -0.036132880 0.006208560 0.999083757
1341846341.780061 -0.025726099 0.019745924 0.123592041 0.022845998 -0.036442306 0.007603169 0.999045670
1341846341.842595 -0.025425112 0.017519820 0.122691214 0.024366673 -0.037436835 0.012182267 0.998927593
1341846341.906227 -0.024887776 0.016596906 0.122144647 0.027608894 -0.038360488 0.017318092 0.998732388
1341846341.942069 -0.024656901 0.014924906 0.120629050 0.030345526 -0.038395196 0.019462692 0.998612106
1341846341.974775 -0.024385907 0.015618372 0.119913928 0.033927754 -0.038604144 0.020929342 0.998459101
1341846342.010161 -0.024301156 0.015681064 0.119674839 0.034503005 -0.040096257 0.023484675 0.998323798
1341846342.080032 -0.023854967 0.015449798 0.116286024 0.038200282 -0.038365014 0.022843506 0.998272061
1341846342.112265 -0.023361376 0.015497371 0.117052957 0.038558185 -0.038026612 0.025357869 0.998210549
1341846342.147954 -0.022639364 0.015438669 0.117201872 0.040738747 -0.039396144 0.027426286 0.998016119
1341846342.211848 -0.022332780 0.014249289 0.113259755 0.043871336 -0.038366843 0.029514588 0.997863829
1341846342.247920 -0.021545488 0.012457656 0.117553666 0.044796843 -0.038508918 0.027873155 0.997864425
1341846342.279870 -0.021662503 0.012419331 0.116174459 0.046191480 -0.037961371 0.028221881 0.997812033
1341846342.347894 -0.022199169 0.014275905 0.115959816 0.048551235 -0.037616368 0.028664667 0.997700453
1341846342.379953 -0.021804124 0.013172890 0.113510631 0.048236508 -0.036883201 0.028576771 0.997745574
1341846342.416195 -0.021849897 0.013521574 0.114134520 0.049116936 -0.036772091 0.029837884 0.997669816
