1341846318.414072 -0.024281232 0.000614383 -0.002749732 0.016416807 -0.047135904 -0.019845983 0.998546720
1341846318.814121 -0.033453923 0.001990889 -0.003438716 0.023667535 -0.064631626 -0.022462264 0.997375607
1341846319.186069 -0.040442508 0.002741037 -0.007030046 0.042350765 -0.121207997 -0.022080814 0.991477430
1341846319.486271 -0.048519913 0.003950356 -0.009694258 0.035300974 -0.114317365 -0.008024369 0.992784441
1341846319.822008 -0.054433599 0.004901947 -0.012103182 0.018329993 -0.137238249 -0.006506726 0.990347087
1341846320.122011 -0.051230494 0.004232225 -0.008603733 0.019719046 -0.164150640 -0.005871757 0.986220717
1341846320.390064 -0.045301665 0.002781301 -0.004477158 0.052001458 -0.156006724 0.000221915 0.986386180
1341846320.799999 -0.033940013 0.001630721 -0.005283489 0.064034119 -0.100496657 -0.026407691 0.992523432
1341846321.131821 -0.022927638 -0.000319579 -0.001199448 0.049760934 -0.075903386 -0.034281649 0.995282531
1341846321.536109 -0.011060129 -0.002108125 -0.004318036 0.061752055 -0.041357681 -0.058075469 0.995541811
1341846321.871882 -0.008420447 0.011719674 -0.026722612 0.068099469 -0.003191284 -0.077940971 0.994624317
1341846322.333949 -0.010285269 0.005518459 -0.020194653 0.042997565 -0.001596287 -0.091900975 0.994838119
1341846322.702026 -0.010384030 0.005690302 -0.019389318 0.124272637 -0.018331429 -0.089369282 0.988045216
1341846323.206059 -0.010076758 0.005027759 -0.018551597 0.134591714 -0.030808950 -0.084611900 0.986801207
1341846323.674081 -0.009888705 0.004244054 -0.018609148 0.140903145 -0.024389802 -0.086635701 0.985923767
1341846324.151967 -0.008412560 0.011203171 -0.020439137 0.188111573 -0.031862363 -0.101013154 0.976419568
1341846324.587888 -0.007984726 0.011595217 -0.021314852 0.150572002 -0.037944224 -0.104275994 0.982351661
1341846325.018013 -0.008170690 0.011775972 -0.021475473 0.134035438 -0.056661796 -0.096614689 0.984626591
1341846325.387302 -0.008040735 0.012024886 -0.022045774 0.121234685 -0.051512290 -0.093618281 0.986855745
1341846325.786087 -0.012744187 -0.001321773 -0.018717567 0.079460606 -0.018041791 -0.078812785 0.993553758
1341846326.190178 -0.012761174 -0.000361701 -0.018438242 0.080095559 -0.010064330 -0.044488754 0.995742977
1341846326.658442 -0.009991586 -0.002700741 -0.026338428 0.053731579 -0.005951594 0.001061468 0.998537123
1341846327.161940 -0.009822479 -0.002638103 -0.026270539 0.009063561 0.009406140 -0.009256712 0.999871790
1341846327.561895 -0.010802938 -0.002105638 -0.026447851 -0.032750219 0.036147486 -0.023869235 0.998524427
1341846328.065993 -0.010109823 -0.002121315 -0.026028968 -0.077408321 0.051605493 -0.035000261 0.995047629
1341846328.502194 -0.009403503 -0.002114537 -0.025632503 -0.121883012 0.066941231 -0.046048358 0.989213228
1341846328.970217 -0.009766416 -0.002664298 -0.026539348 0.010845643 -0.017119611 -0.050962079 0.998494923
1341846329.473950 -0.009892552 -0.002597346 -0.026568899 0.014167644 -0.036130294 -0.059872508 0.997451305
1341846330.016305 -0.010320026 -0.003021742 -0.024894081 0.016145457 -0.046719369 -0.043111525 0.997846723
1341846330.415934 0.001979106 -0.012035215 0.039196514 -0.009619196 -0.048563942 -0.041777518 0.997899592
1341846331.014111 -0.027940158 -0.013665080 0.052284434 -0.034103811 -0.063794583 -0.010818816 0.997321486
1341846331.518344 -0.005006942 -0.003786244 0.002141621 -0.013136144 -0.061152723 -0.033464577 0.997480750
1341846332.122051 0.000446869 -0.002948464 -0.002048885 0.013290946 -0.033880666 -0.033616286 0.998771906
1341846332.621889 -0.004277701 0.001598730 0.027885197 0.010701519 -0.029238673 -0.028669233 0.999103904
1341846333.195660 -0.000787494 0.004981282 0.038328748 -0.010303773 -0.012588180 -0.027461071 0.999490499
1341846333.798006 -0.000120138 0.005869718 0.040444680 -0.029037910 -0.012694929 -0.035927132 0.998851776
1341846334.401845 -0.002731036 0.004852606 0.031445548 -0.006183717 -0.008914608 -0.039742179 0.999151051
1341846335.002203 -0.007272316 0.003977113 0.018861197 -0.022712631 -0.033450399 -0.048074216 0.998025119
1341846335.574119 -0.013053944 0.004524122 0.001292455 -0.040682189 -0.056522366 -0.058844037 0.995835066
1341846336.183953 -0.011754800 0.002974252 -0.004785971 -0.047860280 -0.065329857 -0.063288577 0.994703948
1341846336.714024 -0.016503969 0.003032452 -0.022442296 -0.065761119 -0.088415921 -0.073420800 0.991195023
1341846337.317920 -0.020457154 0.002514217 -0.040286314 -0.083598271 -0.111416370 -0.083481923 0.986726224
1341846337.918223 -0.023619404 0.001396962 -0.058260024 -0.101354480 -0.134308934 -0.093462199 0.981301904
1341846338.522066 -0.025998775 -0.000339335 -0.076305114 -0.119012527 -0.157071412 -0.103351973 0.974927247
1341846339.126562 -0.027606495 -0.002712464 -0.094362877 -0.136555344 -0.179681808 -0.113141663 0.967608571
1341846339.698896 -0.028456643 -0.005737595 -0.112374827 -0.153965920 -0.202118203 -0.122821793 0.959352851
1341846340.334063 -0.028566185 -0.009427324 -0.130282298 -0.171227381 -0.224358872 -0.132382974 0.950168133
1341846340.901955 -0.027955025 -0.013791874 -0.148027167 -0.188323051 -0.246382296 -0.141815960 0.940063238
1341846341.538156 -0.026645899 -0.018838700 -0.165552035 -0.205236346 -0.268167108 -0.151111618 0.929048061
1341846342.147954 -0.024664201 -0.024572711 -0.182800204 -0.221950904 -0.289692253 -0.160260960 0.917133152
1341846342.179852 -0.022038184 -0.030996408 -0.199715912 -0.238450512 -0.310936868 -0.169255093 0.904330075
1341846342.211848 -0.018798172 -0.038108982 -0.216245085 -0.254719228 -0.331880391 -0.178085312 0.890651345
1341846342.247920 -0.014976971 -0.045907505 -0.232334971 -0.270741284 -0.352502525 -0.186743096 0.876110077
1341846342.279870 -0.010609642 -0.054385982 -0.247934476 -0.286501110 -0.372783273 -0.195220038 0.860720456
1341846342.316068 -0.005733743 -0.063536361 -0.262994289 -0.301983535 -0.392702997 -0.203507945 0.844497263
1341846342.347894 -0.000388131 -0.073347412 -0.277467489 -0.317173481 -0.412242532 -0.211598754 0.827456295
1341846342.379953 0.005385906 -0.083805501 -0.291309208 -0.332056373 -0.431382835 -0.219484687 0.809614003
1341846342.416195 0.011545554 -0.094894484 -0.304476917 -0.346617669 -0.450105399 -0.227158085 0.790987730
1341846342.447907 0.018046901 -0.106596023 -0.316931129 -0.360843271 -0.468392104 -0.234611496 0.771595478
