1341846315.966572 0.022077139 -0.002566171 0.006259930 -0.009803928 0.016102811 0.015396756 0.999694109
1341846316.370006 -0.000461370 -0.005762130 0.001538362 -0.000097351 0.010479304 0.003215481 0.999939919
1341846316.570121 -0.016397823 -0.010162332 -0.004004769 0.005762247 0.005742325 0.008579538 0.999930084
1341846316.770433 -0.047476139 -0.013610112 -0.017580986 0.015964931 0.008183076 0.012854396 0.999756455
1341846316.973994 -0.067554541 -0.015302716 -0.020256538 0.017976282 0.000557238 0.010922035 0.999778569
1341846317.137887 -0.053218056 -0.011197907 -0.009498816 0.024743564 -0.017682415 0.018086584 0.999373794
1341846317.373974 -0.060154650 -0.008403368 -0.007287198 0.031265661 -0.035921615 0.031943608 0.998354495
1341846317.610159 -0.072744347 -0.011387742 -0.008503393 0.041946948 -0.037536122 0.044853773 0.997406423
1341846317.878017 -0.102423973 -0.007949633 -0.014245746 0.043532226 -0.043893222 0.040994953 0.997245073
1341846318.145957 -0.109710656 -0.009015256 -0.015082273 0.047364496 -0.049299851 0.029941952 0.997210920
1341846318.414072 -0.119497947 -0.012844484 0.001389774 0.058982637 -0.070827924 0.033012584 0.995195746
1341846318.682350 -0.144679263 -0.013080127 -0.031271789 0.064558059 -0.097019590 0.019999873 0.992985129
1341846318.950044 -0.172218069 -0.015652671 -0.037604943 0.074013069 -0.133870170 0.013873718 0.988133788
1341846319.250034 -0.176838025 -0.008078308 -0.042735383 0.079636060 -0.145360962 0.017899720 0.986006021
1341846319.653962 -0.184670255 -0.011001775 -0.041994240 0.073155940 -0.166728929 0.025196692 0.982962251
1341846319.953946 -0.217451558 -0.011328313 -0.051192675 0.055204570 -0.185149699 0.041851640 0.980265498
1341846320.390064 -0.195055991 -0.011043107 -0.046395425 0.097469099 -0.190120354 0.043859601 0.975925386
1341846320.731822 -0.192124680 -0.013913943 -0.030845024 0.118397236 -0.129990876 0.024654983 0.984112084
1341846321.031860 -0.163325220 -0.013802457 -0.040157925 0.094927661 -0.111789919 0.012581603 0.989107430
1341846321.367913 -0.119066253 -0.020087773 -0.021880623 0.098189056 -0.092538498 -0.007953734 0.990824044
1341846321.704411 -0.097623996 -0.013793029 -0.008336684 0.090322390 -0.051100623 -0.004286071 0.994591475
1341846322.066178 -0.080829531 -0.011662600 -0.003898792 0.052608192 -0.042494185 -0.002324044 0.997707963
1341846322.369871 -0.082809523 -0.035881352 -0.005318412 0.047324650 -0.055564024 -0.009297821 0.997289598
1341846322.870081 -0.077482603 -0.074527085 -0.001116803 0.109208263 -0.076913916 0.008512067 0.991002202
1341846323.206059 -0.073957056 -0.092910290 0.002565205 0.095744550 -0.078835055 0.004512700 0.992268920
1341846323.674081 -0.074184217 -0.119064614 0.000407670 0.085122064 -0.070939563 -0.001344358 0.993840992
1341846323.978055 -0.076811835 -0.135680303 -0.002633892 0.106275357 -0.082354672 -0.013043066 0.990834534
1341846324.487928 -0.077272631 -0.105887190 0.001624396 0.089016490 -0.075905986 -0.032700896 0.992595077
1341846324.913902 -0.080028027 -0.065767013 0.003515102 0.067703001 -0.096852362 -0.025054920 0.992677271
1341846325.285925 -0.082149379 -0.040300366 0.003997248 0.057905793 -0.112886176 -0.010091369 0.991867840
1341846325.653982 -0.085582227 -0.010982877 0.000544207 0.052679181 -0.126816347 -0.012734929 0.990444541
1341846326.121822 -0.091282278 0.017812405 -0.003348177 0.047894575 -0.139812991 -0.017201321 0.988869309
1341846326.526163 -0.096547440 0.046635866 -0.007625878 0.043099705 -0.152779683 -0.021664029 0.987082303
1341846326.958888 -0.101367742 0.075479239 -0.012277830 0.038295612 -0.165713638 -0.026122099 0.985083818
1341846327.393887 -0.105733559 0.104334116 -0.017292693 0.033483308 -0.178612113 -0.030574569 0.982874274
1341846327.865944 -0.109635778 0.133192062 -0.022658797 0.028663833 -0.191472307 -0.035020489 0.980454147
1341846328.333917 -0.113065481 0.162045076 -0.028364168 0.023838211 -0.204291478 -0.039458916 0.977823973
1341846328.738215 -0.116014279 0.190884799 -0.034396525 0.019007489 -0.217066869 -0.043888878 0.974984348
1341846329.138340 -0.118474223 0.219702825 -0.040743351 0.014172693 -0.229795784 -0.048309449 0.971935868
1341846329.641955 -0.120437697 0.248490646 -0.047391862 0.009334865 -0.242475465 -0.052719664 0.968679130
1341846330.181257 -0.121897534 0.277240664 -0.054328941 0.004495039 -0.255103201 -0.057118580 0.965214849
1341846330.719991 -0.122847095 0.305944026 -0.061541326 -0.000345758 -0.267676264 -0.061505254 0.961543798
1341846331.218151 -0.123279996 0.334592938 -0.069015421 -0.005186483 -0.280191988 -0.065878764 0.957666755
1341846331.754076 -0.123190418 0.363179266 -0.076737463 -0.010026082 -0.292647719 -0.070238151 0.953584552
1341846332.289948 -0.122573107 0.391694665 -0.084693477 -0.014863539 -0.305040717 -0.074582502 0.949298024
1341846332.789937 -0.121422879 0.420131475 -0.092869252 -0.019697813 -0.317368388 -0.078910872 0.944808185
1341846333.362100 -0.119735427 0.448481441 -0.101250410 -0.024527865 -0.329628050 -0.083222337 0.940115869
1341846334.097932 -0.117506713 0.476736903 -0.109822460 -0.029352650 -0.341817081 -0.087515973 0.935222208
1341846334.702085 -0.114733078 0.504890025 -0.118570626 -0.034171160 -0.353932887 -0.091790870 0.930128157
1341846335.305972 -0.111411542 0.532932758 -0.127480045 -0.038982339 -0.365972877 -0.096046090 0.924834847
1341846335.910005 -0.107539356 0.560857952 -0.136535704 -0.043785177 -0.377934486 -0.100280732 0.919343412
1341846336.477990 -0.103114493 0.588658154 -0.145722494 -0.048578627 -0.389815062 -0.104493894 0.913655043
1341846337.114317 -0.098135233 0.616325736 -0.155025139 -0.053361673 -0.401612163 -0.108684674 0.907770872
1341846337.686352 -0.092600383 0.643853307 -0.164428353 -0.058133282 -0.413323253 -0.112852156 0.901692271
1341846338.290130 -0.086509332 0.671233475 -0.173916638 -0.062892437 -0.424945772 -0.116995484 0.895420492
1341846338.858027 -0.079861671 0.698459506 -0.183474571 -0.067638136 -0.436477214 -0.121113740 0.888956904
1341846339.496743 -0.072657593 0.725524724 -0.193086594 -0.072369322 -0.447915196 -0.125206053 0.882302821
1341846340.130102 -0.064897850 0.752422214 -0.202737048 -0.077085018 -0.459257215 -0.129271537 0.875459731
1341846340.733954 -0.056583740 0.779144943 -0.212410331 -0.081784196 -0.470500916 -0.133309335 0.868429065
1341846341.338109 -0.047716811 0.805687129 -0.222090691 -0.086465836 -0.481643736 -0.137318566 0.861212432
1341846341.974775 -0.038299069 0.832042098 -0.231762499 -0.091128960 -0.492683351 -0.141298383 0.853811204
1341846342.147954 -0.028333277 0.858203650 -0.241410136 -0.095772550 -0.503617406 -0.145247921 0.846227109
1341846342.179852 -0.017822474 0.884165883 -0.251017988 -0.100395620 -0.514443636 -0.149166360 0.838461757
1341846342.211848 -0.006770328 0.909922719 -0.260570437 -0.104997203 -0.525159597 -0.153052837 0.830516756
1341846342.247920 0.004819378 0.935468733 -0.270051807 -0.109576277 -0.535763085 -0.156906530 0.822393775
1341846342.279870 0.016942143 0.960798264 -0.279446721 -0.114131883 -0.546251774 -0.160726592 0.814094663
1341846342.316068 0.029593006 0.985906541 -0.288739800 -0.118663028 -0.556623459 -0.164512247 0.805621088
1341846342.347894 0.042766362 1.010787725 -0.297915578 -0.123168766 -0.566875935 -0.168262661 0.796974957
1341846342.379953 0.056456864 1.035437584 -0.306958854 -0.127648130 -0.577006876 -0.171976998 0.788158059
1341846342.416195 0.070657790 1.059851170 -0.315854520 -0.132100120 -0.587014198 -0.175654486 0.779172361
1341846342.447907 0.085362792 1.084023714 -0.324587673 -0.136523798 -0.596895874 -0.179294378 0.770019710
