1341846314.089801 0.053736761 0.003471385 0.009774289 -0.010467410 0.011743736 0.010207934 0.999814510
1341846314.389899 0.049118195 0.003272971 0.008318661 -0.017312365 0.041872364 0.013875232 0.998871803
1341846314.458114 0.094518512 0.008840058 0.011123726 -0.016256852 0.037689660 0.010885864 0.999097943
1341846314.493987 0.053724669 0.004472230 0.007849008 -0.015230824 0.054413252 0.006389990 0.998377085
1341846314.526085 0.054108895 0.002945632 0.004765972 -0.016380906 0.057396650 0.004288027 0.998203039
1341846314.558292 0.089569032 0.009504660 0.008006301 -0.014916044 0.052867692 0.004669051 0.998479187
1341846314.594085 0.091557615 0.006051851 0.005301701 -0.014757304 0.057853375 0.004569041 0.998205543
1341846314.626096 0.083911650 0.005780113 0.004948002 -0.014686377 0.060681131 0.005698334 0.998032868
1341846314.658455 0.086330310 0.005863688 0.005047519 -0.016873728 0.062215783 0.003712564 0.997913182
1341846314.694004 0.098048210 0.005008132 0.005219147 -0.016648680 0.067202270 0.004481870 0.997590363
1341846314.725910 0.088586546 0.001816967 0.010005868 -0.013131900 0.069530047 0.008031537 0.997461081
1341846314.761942 0.087963372 0.002320750 0.007923923 -0.009132461 0.070855744 0.012455929 0.997366965
1341846314.794030 0.088301338 0.001205367 0.004645158 -0.006546366 0.074138321 0.012241310 0.997151315
1341846314.826092 0.085440934 0.002133676 0.001484524 -0.004009109 0.081104226 0.012188199 0.996623039
1341846314.862145 0.138249591 0.004343871 0.004261252 -0.003921667 0.072026305 0.015884068 0.997268498
1341846314.894072 0.139300242 0.001995355 0.005069058 -0.005474504 0.076480046 0.017878842 0.996895790
1341846314.925969 0.093214743 0.002688399 -0.000367386 -0.004365944 0.090100504 0.019717952 0.995727897
1341846314.961937 0.139299497 0.006480260 -0.003111213 -0.007018574 0.080743901 0.025160557 0.996392548
1341846314.994564 0.141429171 0.004750896 0.002709247 -0.010939331 0.081744544 0.023335779 0.996320009
1341846315.029900 0.110445693 0.005776021 0.002274361 -0.010027890 0.090051576 0.022177625 0.995639622
1341846315.061965 0.112407282 0.006595657 0.005985396 -0.010667065 0.091886155 0.027603444 0.995329738
1341846315.094388 0.106288396 0.004870307 0.005026635 -0.010566474 0.093597554 0.024873003 0.995243251
1341846315.129851 0.115352251 0.008059001 0.003639594 -0.007074086 0.091162004 0.026091974 0.995469093
1341846315.161941 0.110457547 0.008836809 -0.007200923 -0.010958783 0.094535142 0.029934132 0.995011032
1341846315.197984 0.120371036 0.008709934 -0.000960812 -0.017755032 0.089403629 0.024308579 0.995540500
1341846315.230076 0.120018162 0.008723267 -0.000895185 -0.020683806 0.089544453 0.020533420 0.995556295
1341846315.262069 0.111001708 0.007905321 -0.002211807 -0.024261247 0.089894541 0.023790220 0.995371521
1341846315.298000 0.124420010 0.009472025 0.007549232 -0.025255218 0.081956282 0.026412785 0.995965719
1341846315.329931 0.122594319 0.006997576 0.011461757 -0.021681901 0.082574792 0.025810234 0.996014655
1341846315.361981 0.195436940 0.007667586 0.010852030 -0.017563460 0.068071268 0.030773353 0.997051060
1341846315.397962 0.195759550 0.005934593 0.010315713 -0.015802450 0.069067419 0.035690065 0.996848106
1341846315.429923 0.123457119 0.004973065 0.004323345 -0.011745948 0.084149614 0.034578215 0.995783746
1341846315.466047 0.127307758 0.006533463 0.002082024 -0.010626669 0.087082259 0.037620705 0.995433807
1341846315.497883 0.130059302 0.006215805 0.003317146 -0.012120377 0.088914536 0.042648017 0.995051980
1341846315.530008 0.130416438 0.007155350 0.003335455 -0.011481022 0.090532020 0.043185312 0.994890511
1341846315.566108 0.135913402 0.007630820 0.004146485 -0.012482730 0.090230308 0.044218089 0.994860470
1341846315.630109 0.135284901 0.006686097 0.003616298 -0.012620389 0.093570516 0.041976836 0.994647264
1341846315.666042 0.136486024 0.008784722 -0.000318469 -0.012856245 0.094785422 0.041391861 0.994553745
1341846315.698114 0.136368528 0.008143862 -0.000598105 -0.018709747 0.098791920 0.038034506 0.994204938
1341846315.733985 0.135790050 0.006924122 0.004414862 -0.021465665 0.101268038 0.040810756 0.993789971
1341846315.766041 0.135594323 0.007347641 0.003209464 -0.021076873 0.098549679 0.042023182 0.994020998
1341846315.798188 0.135837853 0.007075381 0.004218571 -0.022088282 0.097853862 0.040734407 0.994121432
1341846315.834140 0.135756209 0.006001756 0.006863695 -0.021280659 0.099990353 0.039993025 0.993956566
1341846315.866751 0.134795308 0.006268302 0.005252721 -0.018734593 0.101438254 0.039324269 0.993887782
1341846315.898492 0.133998439 0.006072059 0.006703543 -0.017544303 0.101962484 0.039304737 0.993856609
1341846315.936901 0.249680713 0.003697029 0.006056927 -0.016033700 0.087156400 0.037323244 0.995366096
1341846315.966572 0.245895803 0.004261322 0.004705608 -0.012266050 0.089487180 0.036123406 0.995257139
1341846316.002119 0.244233325 0.005529154 0.005654141 -0.009844811 0.089168154 0.034834512 0.995358586
1341846316.034204 0.245151132 0.006846916 0.009345964 -0.007747437 0.088149667 0.036663126 0.995402157
1341846316.066113 0.241648585 0.003076943 0.006383725 -0.006709634 0.089018613 0.035530582 0.995373428
1341846316.101867 0.235968351 0.003696996 0.000979256 -0.004877667 0.089174204 0.035251953 0.995380044
1341846316.134066 0.143265456 0.004278741 0.007348362 -0.005396031 0.094923712 0.033543572 0.994904578
1341846316.169952 0.142520219 0.002837604 0.009908779 -0.005826372 0.092121027 0.031839781 0.995221555
1341846316.202049 0.140696675 0.001809465 0.008552656 -0.005520891 0.089319266 0.029804053 0.995541751
1341846316.233979 0.139944121 0.001980444 0.004922329 -0.004954088 0.087892175 0.028497716 0.995709956
1341846316.270052 0.138487786 0.002141858 0.006326389 -0.006379647 0.088729702 0.024775511 0.995727122
1341846316.301915 0.140124500 0.001105928 0.007915694 -0.005941689 0.088181235 0.025700711 0.995755136
1341846316.334208 0.126248598 -0.001946324 0.007151900 -0.004819999 0.091052540 0.025099160 0.995518088
1341846316.370006 0.126035839 -0.001263131 0.008943578 -0.002609169 0.088997461 0.026901999 0.995665073
1341846316.401994 0.130927682 0.002097482 0.007489955 0.000026349 0.086496577 0.029041402 0.995828748
1341846316.438069 0.124322943 -0.003565637 0.005715679 0.000870481 0.087031521 0.030897496 0.995725930
1341846316.470076 0.116979219 -0.004681394 0.008049091 0.005430680 0.088445701 0.031203803 0.995577335
1341846316.502034 0.114918001 -0.000952404 0.001005463 0.007994923 0.085467219 0.033573225 0.995743096
1341846316.537975 0.113513194 -0.000590337 0.000981897 0.005481591 0.082117245 0.031546023 0.996108174
1341846316.570121 0.098788582 -0.005153257 0.006714802 0.004370572 0.084286720 0.028740844 0.996017396
1341846316.601885 0.095319062 -0.006414264 0.006211904 0.006348036 0.083928749 0.026859639 0.996089458
1341846316.638009 0.093697719 -0.007036121 0.004866036 0.008610875 0.082044467 0.029171651 0.996164441
1341846316.669925 0.091874979 -0.008116685 0.005078362 0.010821756 0.081291400 0.028734278 0.996217310
1341846316.705941 0.089943625 -0.008114904 0.004361554 0.015756367 0.081189238 0.029573783 0.996135235
1341846316.738062 0.086585552 -0.007944733 0.000205037 0.017387250 0.080594093 0.032807004 0.996055186
1341846316.770433 0.084500641 -0.008319393 0.000236725 0.015905796 0.079595193 0.032824893 0.996159673
1341846316.805932 0.081105985 -0.010938914 0.003500286 0.016141316 0.079869881 0.031332064 0.996182024
1341846316.838029 0.075410672 -0.009670634 0.001725805 0.017984703 0.079037361 0.032622796 0.996175408
1341846316.870034 0.085752919 -0.006127162 0.003288852 0.019457716 0.073019356 0.033921432 0.996563554
1341846316.906344 0.052966572 -0.012363101 0.008287748 0.019058304 0.075886481 0.032852251 0.996392846
1341846316.937940 0.051472872 -0.010915047 0.007136332 0.019314637 0.074465707 0.029618138 0.996596456
1341846316.973994 0.066083036 -0.008422739 0.000825175 0.019364737 0.068654947 0.030565817 0.996984065
1341846317.005913 0.045741305 -0.010994500 0.007260291 0.017603362 0.069692411 0.031242928 0.996923745
1341846317.037936 0.042993505 -0.013543490 0.008795647 0.017463215 0.067358203 0.030278891 0.997116387
1341846317.073972 0.044002201 -0.013469531 0.008476135 0.018736331 0.064421676 0.031943567 0.997235358
1341846317.106113 0.040132727 -0.014963114 0.008972153 0.021024991 0.062815979 0.035244059 0.997180998
1341846317.137887 0.035598781 -0.014017572 0.005751698 0.024689624 0.056734677 0.039558802 0.997299671
1341846317.173970 0.031253848 -0.013662685 0.006773707 0.025683103 0.050252188 0.041668471 0.997536361
1341846317.205887 0.001987292 -0.017059762 0.014170334 0.025076533 0.051549803 0.041311856 0.997500420
1341846317.248131 -0.003054933 -0.016713545 0.015779831 0.026793182 0.049391609 0.042871542 0.997499168
1341846317.273950 -0.003408729 -0.015547344 0.013778322 0.028302463 0.044401333 0.044887379 0.997603416
1341846317.306289 -0.003829586 -0.016923225 0.012084738 0.028212916 0.041736417 0.047272284 0.997610867
1341846317.348137 -0.004734824 -0.017653132 0.011803668 0.029421009 0.042711947 0.048811771 0.997460544
1341846317.373974 -0.009164761 -0.017028691 0.012660881 0.030847240 0.043899845 0.051201988 0.997246027
1341846317.410120 -0.010787349 -0.016276829 0.011653615 0.031145995 0.042209338 0.053476535 0.997190297
1341846317.442569 -0.012849263 -0.018570563 0.014660581 0.033728771 0.042702988 0.056342173 0.996927440
1341846317.474010 -0.015498979 -0.020439459 0.013098838 0.038963623 0.042693906 0.059797261 0.996535659
1341846317.509927 -0.029369056 -0.012460103 0.008949643 0.043701209 0.042503648 0.063011140 0.996149182
1341846317.542282 0.009868116 -0.011569846 0.012152232 0.041792735 0.037178081 0.062583104 0.996471047
1341846317.573943 0.011420923 -0.013177605 0.014184095 0.041556038 0.037239652 0.061789371 0.996528149
1341846317.610159 0.006049363 -0.013336394 0.017053071 0.044547256 0.039969064 0.061926950 0.996284604
1341846317.643553 0.002357792 -0.011774498 0.018042734 0.047184009 0.038953435 0.065535866 0.995972574
1341846317.677993 -0.000582008 -0.014619410 0.021986654 0.047052763 0.035678007 0.067517951 0.995969117
1341846317.709996 -0.009773990 -0.017022433 0.015801856 0.049237717 0.034902915 0.066150807 0.995982647
1341846317.741834 -0.015667319 -0.013731798 0.011637550 0.049606018 0.034189764 0.065525025 0.996030509
1341846317.777923 -0.021207768 -0.014136272 0.013381327 0.047819097 0.033624515 0.064144425 0.996226966
1341846317.810021 -0.022554966 -0.015392569 0.013473652 0.047415186 0.031504881 0.063148566 0.996379197
1341846317.841886 -0.032642607 -0.011942681 0.012503589 0.047250152 0.031941526 0.060647015 0.996528506
1341846317.878017 -0.053162366 -0.012325373 0.020153521 0.045127407 0.033019841 0.058308154 0.996731341
1341846317.909910 -0.039898526 -0.016824938 0.015709775 0.042873252 0.033430215 0.053695500 0.997076273
1341846317.946031 -0.045353815 -0.017086372 0.015734401 0.044507809 0.034510154 0.055012122 0.996896088
1341846317.978041 -0.065753117 -0.017716482 0.023780063 0.046823613 0.034471989 0.055838481 0.996745408
1341846318.009897 -0.065800667 -0.016955607 0.020639744 0.049450658 0.034121674 0.054692294 0.996694088
1341846318.045949 -0.073032804 -0.014496410 0.019832449 0.050067697 0.035899922 0.053001259 0.996692181
1341846318.078074 -0.079804219 -0.015750181 0.021692693 0.049036205 0.035108503 0.051785007 0.996835589
1341846318.109894 -0.087399617 -0.015018064 0.020949373 0.048949391 0.031828616 0.049393356 0.997071326
1341846318.145957 -0.087847248 -0.015466169 0.018858757 0.048072517 0.029154735 0.046838928 0.997318983
1341846318.178001 -0.091480888 -0.016463766 0.020821299 0.047164597 0.029695263 0.043404322 0.997501791
1341846318.214074 -0.124200426 -0.022773365 0.029491715 0.047260337 0.031473275 0.042412389 0.997485340
1341846318.245970 -0.110689558 -0.025151543 0.016702116 0.049563207 0.024134258 0.043257613 0.997541904
1341846318.278018 -0.115263611 -0.025587222 0.014633905 0.053421985 0.019334789 0.043952141 0.997416914
1341846318.313937 -0.148256004 -0.028933451 0.017505115 0.054988358 0.017414186 0.043334614 0.997394145
1341846318.345989 -0.154093668 -0.029445380 0.024436053 0.056651007 0.009215993 0.042202946 0.997459054
1341846318.382046 -0.156926572 -0.031145277 0.017438419 0.058313493 0.001601774 0.041287974 0.997442842
1341846318.414072 -0.164788768 -0.031963736 0.014996115 0.059619624 -0.004308219 0.041426826 0.997351825
1341846318.446035 -0.163112149 -0.033627480 0.013413432 0.061566662 -0.011809175 0.041778006 0.997158289
1341846318.482196 -0.165305495 -0.030874474 0.012259658 0.063405842 -0.014174324 0.041116670 0.997039676
1341846318.514144 -0.171638817 -0.028280754 0.016921896 0.063701414 -0.014519148 0.040954124 0.997022569
1341846318.546259 -0.169356182 -0.031401273 0.018092919 0.064893715 -0.016543649 0.041439157 0.996894121
1341846318.582042 -0.198341876 -0.029700622 0.021096572 0.066850305 -0.013695267 0.040705640 0.996838272
1341846318.614115 -0.205397546 -0.030662291 0.019111391 0.066516317 -0.013641129 0.041274849 0.996837974
1341846318.650038 -0.193571270 -0.030113176 0.015588450 0.065861404 -0.015636191 0.037705008 0.996993542
1341846318.682350 -0.213348523 -0.029107049 0.025155663 0.066021472 -0.014393114 0.036298063 0.997053862
1341846318.714063 -0.220511243 -0.028158873 0.025183711 0.065724857 -0.014934570 0.035397280 0.997097909
1341846318.749905 -0.225481838 -0.032823741 0.020132652 0.065603800 -0.014884717 0.036274627 0.997075081
1341846318.782036 -0.234633818 -0.030077517 0.024749443 0.068128265 -0.014543738 0.038319174 0.996834338
1341846318.814121 -0.248980105 -0.032110691 0.018697949 0.067906052 -0.017645458 0.037486371 0.996831059
1341846318.850072 -0.253425390 -0.035025276 0.018060716 0.067635641 -0.023349412 0.033779442 0.996864676
1341846318.883516 -0.261011183 -0.040403586 0.016747903 0.069927029 -0.029589998 0.033843853 0.996538639
1341846318.918047 -0.251722783 -0.031224180 0.025163012 0.075178593 -0.042355947 0.032965679 0.995724559
1341846318.950044 -0.253368318 -0.040450253 -0.007366480 0.074566744 -0.053927068 0.030711997 0.995283067
1341846318.982028 -0.246103972 -0.031411070 0.000511110 0.077107780 -0.057714894 0.024499672 0.995049357
1341846319.018123 -0.263757676 -0.031215761 0.003844704 0.076888353 -0.060337111 0.023289187 0.994939804
1341846319.050745 -0.261628509 -0.039740797 0.007458441 0.076967902 -0.067566417 0.022889603 0.994478166
1341846319.081905 -0.251882821 -0.036878951 0.010250468 0.082926095 -0.070607856 0.021534836 0.993817925
1341846319.117976 -0.265076488 -0.032646094 -0.000157300 0.085725442 -0.068338275 0.026066389 0.993630528
1341846319.150093 -0.271718293 -0.034346491 0.001549795 0.087569296 -0.072440036 0.033047751 0.992971241
1341846319.186069 -0.259785920 -0.026235489 0.003814898 0.089996323 -0.075964116 0.034502570 0.992441297
1341846319.218149 -0.249348000 -0.010507294 0.017828431 0.089132071 -0.072761968 0.032458682 0.992828131
1341846319.250034 -0.262164980 -0.015550580 0.016554251 0.082474515 -0.065186076 0.032189604 0.993937910
1341846319.286594 -0.271265239 -0.025205709 0.007477269 0.078853250 -0.061293352 0.035542000 0.994365156
1341846319.318034 -0.290630162 -0.023974724 0.024616297 0.081007019 -0.059894569 0.040390443 0.994092107
1341846319.350268 -0.323894024 -0.030610476 0.005132042 0.080195010 -0.055907063 0.045988161 0.994147003
1341846319.386163 -0.346430242 -0.047050450 -0.001758385 0.080677375 -0.057059526 0.052109953 0.993740380
1341846319.418386 -0.338648826 -0.038070548 -0.000333987 0.082827426 -0.064056613 0.054278735 0.993020713
1341846319.453961 -0.314397842 -0.027040262 -0.012886181 0.083609857 -0.068699777 0.050614119 0.992838323
1341846319.486271 -0.312494427 -0.030171186 -0.016817974 0.082444511 -0.069077693 0.048979085 0.992991567
1341846319.518456 -0.314991862 -0.026102092 -0.030874660 0.079117827 -0.072444782 0.051945817 0.992871463
1341846319.554083 -0.310397446 -0.038713247 -0.016960062 0.075750522 -0.076249957 0.048398942 0.993028402
1341846319.586296 -0.312823683 -0.041360762 -0.017605871 0.075762391 -0.075817749 0.044544403 0.993240893
1341846319.622031 -0.316825658 -0.042383559 -0.037065938 0.074089929 -0.077719495 0.040532634 0.993391931
1341846319.653962 -0.331569374 -0.038723424 -0.018470328 0.074011162 -0.082404204 0.039922234 0.993044853
1341846319.686352 -0.349642336 -0.034141976 -0.008206796 0.076615125 -0.085218415 0.041755609 0.992534339
1341846319.721992 -0.355317563 -0.029134562 -0.009092636 0.078140363 -0.089007825 0.042623010 0.992045820
1341846319.754063 -0.330235183 -0.022065807 -0.029478520 0.074871913 -0.093814880 0.042249147 0.991870940
1341846319.786397 -0.362390459 -0.018774645 -0.003257774 0.071916886 -0.091591202 0.046220712 0.992120266
1341846319.822008 -0.368048757 -0.019536218 -0.011789098 0.068392165 -0.091830239 0.050758258 0.992125690
1341846319.853917 -0.298804760 -0.016240915 -0.025088459 0.062924884 -0.098544970 0.052504368 0.991752326
1341846319.889942 -0.315603197 -0.020717617 -0.020412240 0.059391491 -0.097740963 0.058057714 0.991740227
1341846319.922039 -0.386461020 -0.031443790 -0.027374573 0.058539145 -0.095019005 0.060203057 0.991927505
1341846319.953946 -0.315464318 -0.019094661 -0.027961191 0.059476793 -0.108008809 0.057599187 0.990696192
1341846319.990054 -0.307841569 -0.024036940 -0.019559685 0.061842985 -0.112316057 0.049494378 0.990510404
1341846320.028122 -0.316615522 -0.021819832 -0.018256929 0.064267315 -0.114780404 0.047126424 0.990189016
1341846320.054177 -0.317623198 -0.022290226 -0.018868789 0.067681201 -0.120747447 0.047954008 0.989211679
1341846320.090047 -0.306001723 -0.019288607 -0.023827873 0.069744945 -0.123392969 0.047765780 0.988750875
1341846320.122011 -0.299284190 -0.017345797 -0.006647326 0.071129456 -0.122424528 0.049239345 0.988700330
1341846320.157952 -0.296962887 -0.018394817 -0.004015431 0.071331248 -0.119722031 0.049355950 0.989010870
1341846320.190003 -0.293776900 -0.026696457 0.010006189 0.073293529 -0.117241517 0.048627224 0.989200652
1341846320.221941 -0.288314939 -0.026206924 -0.002239354 0.077052839 -0.113494717 0.048918400 0.989337564
1341846320.258015 -0.286035568 -0.029204901 0.013550311 0.081346534 -0.113030188 0.051922470 0.988893807
1341846320.289887 -0.221140057 -0.031517714 0.010947406 0.085556366 -0.119410828 0.051552955 0.987807393
1341846320.321954 -0.284831017 -0.035366505 0.028515168 0.095161863 -0.115886293 0.053325452 0.987254322
1341846320.357890 -0.282905906 -0.028375309 0.018701714 0.101548240 -0.114719950 0.053566266 0.986741126
1341846320.390064 -0.263933420 -0.028288189 0.015063342 0.102475554 -0.112640992 0.053975120 0.986862481
1341846320.426544 -0.178716838 -0.024133326 0.029179059 0.104959093 -0.113390781 0.050233390 0.986713052
1341846320.458122 -0.244876653 -0.032580547 0.016427737 0.105673827 -0.098912030 0.047726270 0.988317609
1341846320.490186 -0.230511338 -0.037363030 0.021085728 0.108406588 -0.093039900 0.047230177 0.988615692
1341846320.525911 -0.226881891 -0.034684874 0.020690847 0.112587392 -0.084910743 0.045615170 0.988955796
1341846320.558091 -0.219352469 -0.034215108 0.009156883 0.113419488 -0.081299916 0.042091832 0.989320278
1341846320.594093 -0.204487398 -0.041859709 0.006486319 0.113395378 -0.077704787 0.037951108 0.989779413
1341846320.631955 -0.199526146 -0.032542050 0.017019728 0.117555611 -0.069616660 0.037308399 0.989920378
1341846320.664916 -0.176091075 -0.031662252 0.009062843 0.117295973 -0.068883978 0.035467427 0.990070105
1341846320.699927 -0.156778619 -0.038047791 0.008023005 0.116238691 -0.067240573 0.033614200 0.990372360
1341846320.731822 -0.149619609 -0.028900124 0.017094592 0.119527966 -0.061139286 0.033550505 0.990378439
1341846320.763877 -0.158008978 -0.015629813 0.000110069 0.118314944 -0.058012716 0.033612289 0.990710020
1341846320.799999 -0.139124021 -0.026511598 0.004157731 0.109972596 -0.061412521 0.029356336 0.991601110
1341846320.831871 -0.106407523 -0.033962596 -0.000204228 0.110487685 -0.054012913 0.024327051 0.992110491
1341846320.863887 -0.133705094 -0.014453245 0.006315241 0.111830622 -0.041504610 0.026070205 0.992517829
1341846320.900014 -0.135022745 -0.026306601 0.003183400 0.103501976 -0.045819290 0.030651750 0.993100405
1341846320.931889 -0.111768186 -0.032735631 0.008733192 0.104020074 -0.047812939 0.029569659 0.992985070
1341846320.967866 -0.109166056 -0.011035440 0.010126980 0.105840087 -0.042335376 0.025929233 0.993143141
1341846321.000017 -0.113842711 -0.022434482 -0.002496920 0.098210216 -0.041124254 0.024188209 0.994021356
1341846321.031860 -0.097906753 -0.032033697 -0.003250184 0.094918296 -0.041862082 0.022762939 0.994343996
1341846321.068047 -0.091341861 -0.024394251 -0.003270948 0.096129067 -0.038700439 0.020191507 0.994411290
1341846321.099840 -0.088423617 -0.026830595 -0.004624923 0.093445152 -0.037279513 0.020561211 0.994713783
1341846321.131821 -0.070568018 -0.035299331 0.002472317 0.092983037 -0.037421819 0.021887109 0.994723439
1341846321.167887 -0.066266395 -0.031457465 -0.000842418 0.096013673 -0.033306465 0.022689175 0.994563818
1341846321.200042 -0.062336590 -0.028687276 0.000791348 0.096692406 -0.030995838 0.022257065 0.994582534
1341846321.231950 -0.080750592 -0.026707526 0.015880626 0.096815087 -0.028495701 0.021590941 0.994660079
1341846321.267939 -0.069554836 -0.022141095 0.013639768 0.097789191 -0.027171433 0.016906489 0.994692504
1341846321.299948 -0.063148767 -0.025158850 0.015898209 0.096069656 -0.022938320 0.010596797 0.995053887
1341846321.331858 -0.060479745 -0.027042737 0.017888211 0.096189752 -0.019941691 0.007048199 0.995138288
1341846321.367913 -0.044206742 -0.029667240 0.019967394 0.097590171 -0.018771753 0.002743632 0.995045841
1341846321.399897 -0.042094812 -0.027486932 0.019473411 0.099564321 -0.013455791 0.001460709 0.994939089
1341846321.435994 -0.037244495 -0.031826582 0.021494467 0.100532822 -0.010372599 0.001217597 0.994878948
1341846321.467946 -0.031750489 -0.029516263 0.021729456 0.102714010 -0.007899948 0.001289168 0.994678736
1341846321.499882 -0.025178831 -0.029583387 0.022624604 0.104236178 -0.005393252 0.002043610 0.994535863
1341846321.536109 -0.004520785 -0.022247141 0.022700746 0.104707241 -0.001953937 -0.000296876 0.994501114
1341846321.568960 -0.008336340 -0.018966604 0.022433117 0.101579987 0.005300203 -0.002800845 0.994809330
1341846321.603938 -0.073820189 -0.031799152 0.031365443 0.097840287 0.013523702 -0.002013380 0.995108187
1341846321.637163 -0.045435216 -0.023722876 0.030593866 0.096118808 0.015788378 -0.002322300 0.995241880
1341846321.668306 0.014542761 -0.016058326 0.022404686 0.091560185 0.020284511 -0.001150169 0.995592296
1341846321.704411 0.001895158 -0.019443160 0.026028140 0.087953992 0.023113210 0.006554155 0.995834768
1341846321.736861 -0.008331626 -0.018002864 0.032530278 0.087371640 0.021498634 0.015226606 0.995827377
1341846321.771881 0.004879551 -0.006728300 0.033334699 0.086062096 0.020055408 0.020781286 0.995871127
1341846321.804114 0.010605545 -0.010312952 0.031993531 0.081174828 0.022091672 0.024527172 0.996153116
1341846321.836152 0.014014434 -0.005076657 0.035006240 0.079022788 0.024048058 0.024851844 0.996272802
1341846321.871882 0.020245809 0.006660715 0.039862808 0.075489350 0.024582844 0.022665255 0.996585846
1341846321.904074 0.024667174 0.000258479 0.034039777 0.067881308 0.025332190 0.019941112 0.997172415
1341846321.939847 0.025597285 -0.001714172 0.038156509 0.063726008 0.028953642 0.016420415 0.997412205
1341846322.004094 -0.031651836 -0.014428487 0.048371203 0.055728130 0.032466505 0.016231522 0.997785985
1341846322.034203 -0.017633732 -0.017684404 0.040847231 0.053682920 0.031462181 0.015918024 0.997935295
1341846322.066178 0.034527518 -0.009388383 0.038963795 0.051449776 0.031167112 0.012629587 0.998109221
1341846322.107979 0.031572990 -0.020605255 0.037848730 0.048041549 0.033491135 0.011702216 0.998215079
1341846322.133980 0.032245517 -0.033116836 0.040294357 0.048407234 0.034121886 0.009462790 0.998199821
1341846322.166164 0.029180335 -0.036280267 0.039813016 0.050539315 0.033900745 0.010599787 0.998090267
1341846322.202932 0.031392958 -0.041080929 0.037143100 0.051427454 0.031075746 0.011589755 0.998125851
1341846322.234093 0.031373333 -0.043145459 0.035090219 0.050315138 0.029458541 0.009505983 0.998253584
1341846322.265941 0.006172588 -0.040642235 0.034962084 0.048153754 0.029048542 0.009687048 0.998370409
1341846322.301996 0.037071321 -0.060381632 0.034384154 0.044897255 0.024280254 0.010355342 0.998642802
1341846322.333949 0.004009624 -0.061065596 0.031632408 0.044282805 0.025961878 0.010182924 0.998629689
1341846322.369871 0.011356502 -0.072736643 0.032196656 0.044309895 0.019563423 0.007571795 0.998797536
1341846322.402292 0.024747299 -0.083985098 0.030142505 0.045210004 0.019279324 0.001695750 0.998789966
1341846322.433955 0.011344039 -0.100749075 0.032491650 0.048657045 0.022720670 -0.003270184 0.998551726
1341846322.470030 0.009690648 -0.109189674 0.033307195 0.056675196 0.018755237 -0.000146038 0.998216450
1341846322.502433 0.016800290 -0.120816194 0.026913216 0.061552517 0.014608596 0.002794408 0.997992992
1341846322.534002 0.026534507 -0.133450776 0.030921469 0.068975173 0.012791424 0.006241298 0.997516811
1341846322.570196 0.021968799 -0.146725982 0.035181567 0.078323580 0.013550033 0.006083758 0.996817350
1341846322.601920 0.018118270 -0.148352891 0.027222393 0.084031910 0.011186938 0.009751385 0.996352553
1341846322.638119 0.031459190 -0.161096245 0.031270031 0.088471778 0.006149563 0.009620972 0.996013224
1341846322.669947 0.039050717 -0.162723303 0.032777831 0.093703374 0.008291448 0.008518037 0.995529175
1341846322.702026 0.027192285 -0.168628842 0.037521340 0.096678942 0.011704803 0.009662201 0.995199859
1341846322.738006 0.030490497 -0.169884220 0.032786597 0.098061211 0.008539172 0.012079162 0.995070398
1341846322.770087 0.037421793 -0.180879429 0.035173066 0.097370699 0.008507052 0.011582916 0.995144367
1341846322.806047 0.023624290 -0.155608520 0.039372303 0.103667788 0.009849605 0.013510547 0.994471431
1341846322.838063 0.029136220 -0.193423167 0.031565417 0.102191493 0.005148224 0.015037451 0.994637728
1341846322.870081 0.024761753 -0.169676289 0.040134344 0.107023001 0.000467052 0.016313894 0.994122565
1341846322.906018 0.036883362 -0.175019339 0.040462103 0.111407720 -0.002752761 0.016664488 0.993631244
1341846322.938349 0.033748001 -0.163423032 0.039402071 0.113275066 -0.001286330 0.018086210 0.993398190
1341846322.970069 0.036327161 -0.168841094 0.038664542 0.108035497 -0.001941253 0.019709755 0.993949711
1341846323.011820 0.038242418 -0.179857478 0.042832781 0.104799934 -0.001713273 0.019813191 0.994294465
1341846323.038050 0.036466695 -0.180571571 0.042449556 0.104498111 -0.001230206 0.021942278 0.994282246
1341846323.073951 0.037650086 -0.179654345 0.041305944 0.102043271 -0.001894497 0.024577530 0.994474471
1341846323.105962 0.040054977 -0.191560254 0.042184681 0.098213166 -0.002176444 0.024699986 0.994856417
1341846323.138158 0.037060369 -0.197921336 0.044004187 0.097809099 -0.001530410 0.020426668 0.994994342
1341846323.174092 0.035918161 -0.195472151 0.042747956 0.096690856 -0.002034629 0.019548906 0.995120406
1341846323.206059 0.042982955 -0.199895367 0.040439233 0.093570054 -0.003372972 0.017281432 0.995456994
1341846323.238053 0.046023998 -0.198460594 0.045365591 0.091549508 -0.000742482 0.015312826 0.995682478
1341846323.273997 0.034393899 -0.199399531 0.037015863 0.087022424 0.001128232 0.016126398 0.996075153
1341846323.305946 0.037770316 -0.205461174 0.042433094 0.081521012 -0.003561630 0.017235663 0.996516228
1341846323.342027 0.022272967 -0.163940102 0.042138331 0.083305374 -0.000709264 0.016131260 0.996393263
1341846323.374048 0.038435016 -0.221145585 0.047018442 0.079192720 0.001712088 0.016399236 0.996722996
1341846323.405987 0.029482709 -0.228921205 0.042759065 0.078551255 -0.001305157 0.021460881 0.996678233
1341846323.441956 0.008123148 -0.183206350 0.039994568 0.083774745 -0.003881066 0.024695151 0.996171117
1341846323.473878 0.011784805 -0.190228343 0.039135605 0.087509267 -0.002791083 0.023069371 0.995892644
1341846323.506129 0.007469437 -0.187128663 0.037681192 0.090388045 -0.002373904 0.020816322 0.995686233
1341846323.541972 0.015342400 -0.187634617 0.035296064 0.089051701 -0.003358514 0.018578323 0.995848060
1341846323.573913 0.027157744 -0.199275821 0.033598740 0.087621912 -0.000298488 0.012535361 0.996074855
1341846323.609927 0.017128380 -0.198372856 0.040172812 0.088700101 0.006904623 0.009055416 0.995993257
1341846323.642014 0.010736803 -0.205337346 0.035265077 0.086709253 0.009270404 0.010404366 0.996136189
1341846323.674081 0.008695822 -0.214673102 0.034461923 0.086197466 0.007773054 0.012007140 0.996175408
1341846323.710069 0.010541337 -0.226385027 0.031947266 0.086583123 0.006197085 0.016799007 0.996083677
1341846323.742111 0.011627037 -0.233789265 0.030879036 0.090696916 0.004274633 0.017778786 0.995710671
1341846323.774928 0.011147815 -0.230442688 0.027344324 0.094728142 0.002152581 0.014540906 0.995394647
1341846323.810012 0.017709581 -0.237146616 0.020877253 0.095202759 0.000209705 0.011612314 0.995390177
1341846323.842207 0.016014507 -0.232011512 0.028731525 0.097616807 0.000496710 0.006190861 0.995204687
1341846323.878019 0.012993080 -0.214456394 0.037272606 0.100588635 0.000156168 0.001897611 0.994926274
1341846323.909826 0.011341251 -0.247029454 0.030093357 0.100661457 -0.001364923 -0.002392431 0.994916916
1341846323.942459 0.010534980 -0.223230928 0.038271986 0.107319206 -0.001357686 -0.003072832 0.994218946
1341846323.978055 0.006734919 -0.226094455 0.036724884 0.109324865 -0.003646219 -0.001455611 0.993998349
1341846324.015934 0.011999502 -0.228093937 0.036913972 0.113095418 -0.006451662 -0.001646996 0.993561804
1341846324.047722 0.014671588 -0.225445658 0.036995556 0.116661496 -0.005191799 -0.002386517 0.993155301
1341846324.083904 0.013196084 -0.215744138 0.037018023 0.117718294 -0.003690859 -0.003093431 0.993035316
1341846324.115968 0.016331509 -0.214136690 0.036697634 0.115504198 -0.002309574 -0.004321198 0.993294895
1341846324.151967 0.018332921 -0.210029319 0.037717607 0.115390420 0.000295914 -0.008855065 0.993280709
1341846324.183941 0.016919618 -0.200088188 0.038380723 0.113465548 0.004575721 -0.011827311 0.993461013
1341846324.219984 0.012902572 -0.200915664 0.038032550 0.108712725 0.007014467 -0.011819942 0.993978202
1341846324.284052 0.008387740 -0.191613704 0.040163290 0.109240547 0.006865457 -0.012737544 0.993910015
1341846324.319880 0.005976906 -0.183376268 0.038313407 0.108267553 0.003877647 -0.013134032 0.994027495
1341846324.351917 0.009620506 -0.172205105 0.038162462 0.105600528 -0.000148462 -0.014206551 0.994307160
1341846324.388001 0.016487576 -0.182955071 0.037198137 0.100049891 -0.000780804 -0.018703330 0.994806290
1341846324.419908 0.014418008 -0.160120457 0.036826998 0.097184636 0.001457247 -0.020207614 0.995060146
1341846324.452027 0.008218664 -0.160207719 0.042145953 0.092199370 0.002622420 -0.021038048 0.995514810
1341846324.487928 0.006814171 -0.157159239 0.043503314 0.090765372 0.002250468 -0.018822338 0.995691836
1341846324.556001 -0.000346234 -0.160810828 0.032088403 0.086251795 -0.004099141 -0.010551830 0.996209025
1341846324.587888 0.000910895 -0.152233630 0.035217650 0.083386831 -0.007451010 -0.007714502 0.996459544
1341846324.620086 0.000727427 -0.149451196 0.035912320 0.081116393 -0.009884827 -0.010177583 0.996603608
1341846324.655955 0.007063299 -0.146034405 0.040528320 0.080162860 -0.011714954 -0.011826865 0.996642768
1341846324.755922 -0.001515387 -0.123836853 0.045821756 0.081899628 -0.013901983 -0.007069768 0.996518552
1341846324.814016 0.029050471 -0.140456691 0.037641685 0.074619681 -0.022630434 -0.010611665 0.996898770
1341846324.849979 0.022285268 -0.134842813 0.046719652 0.069019936 -0.018728128 -0.013058496 0.997353971
1341846324.881924 0.016523335 -0.131576940 0.048949871 0.066378646 -0.019219741 -0.013455505 0.997518599
1341846324.913902 0.018844856 -0.126029447 0.048493341 0.065500304 -0.021021828 -0.010553325 0.997575283
1341846324.981922 0.008480245 -0.126356155 0.052193120 0.069881454 -0.022306457 -0.004448478 0.997295916
1341846325.018013 0.008809514 -0.118005544 0.052109811 0.074708663 -0.027578032 -0.002071889 0.996821821
1341846325.050079 -0.017129607 -0.065397978 0.046355858 0.080668673 -0.030224621 -0.001687566 0.996281207
1341846325.118531 0.019400589 -0.088457227 0.044600964 0.072992206 -0.040844876 -0.006546753 0.996474266
1341846325.149933 0.016463773 -0.087034225 0.047823556 0.067359596 -0.038179070 -0.008502344 0.996961772
1341846325.181925 0.013446102 -0.086262815 0.047008682 0.064041093 -0.036576502 -0.006627328 0.997254729
1341846325.218055 0.012148179 -0.080478981 0.049833495 0.061503753 -0.036489177 -0.002077441 0.997437477
1341846325.285925 0.013070226 -0.072826006 0.052044161 0.057138048 -0.037254110 0.004464061 0.997660935
1341846325.317988 0.019951507 -0.073885791 0.053969741 0.054506384 -0.035579242 0.007039480 0.997854471
1341846325.349844 0.016969344 -0.076804630 0.059842411 0.057036120 -0.030609066 0.009349881 0.997858942
1341846325.387302 0.018178880 -0.069737144 0.060002692 0.062245410 -0.028180696 0.012472281 0.997584939
1341846325.450747 0.004002247 -0.034153171 0.059185963 0.072038807 -0.014310530 0.017862240 0.997139156
1341846325.485954 0.020613058 -0.062080473 0.064851455 0.078189120 -0.008689928 0.020236559 0.996695220
1341846325.517875 0.019417062 -0.054648809 0.066036776 0.082586795 -0.005917464 0.022576381 0.996310532
1341846325.585855 0.017816832 -0.041029964 0.066200696 0.088924326 0.000851380 0.020962160 0.995817363
1341846325.617990 0.017928628 -0.029348010 0.066288315 0.086550780 0.002359658 0.020107221 0.996041715
1341846325.653982 0.014278156 -0.037613776 0.070631869 0.082732685 0.004815671 0.016820807 0.996418178
1341846325.717857 0.010832169 -0.029330149 0.072887912 0.093183823 0.007659156 0.024153303 0.995326400
1341846325.754083 0.009990077 -0.029324029 0.075004205 0.095897704 0.007533330 0.028828561 0.994945109
1341846325.786087 0.012932803 -0.027532415 0.073006570 0.102129281 0.007518332 0.030349214 0.994279623
1341846325.853827 0.006957145 -0.011692567 0.075958177 0.108119071 0.010742960 0.035290193 0.993453264
1341846325.885958 0.001941705 -0.003797598 0.074255832 0.109183230 0.008487453 0.040990606 0.993139803
1341846325.921984 0.005092735 -0.001879880 0.074363641 0.107830197 0.004233121 0.046757031 0.993060112
1341846325.953899 0.012787720 -0.000067327 0.077212051 0.110692419 0.003342232 0.047872465 0.992695391
1341846325.985823 0.007682435 0.008817287 0.086148113 0.114635654 0.006846877 0.051208299 0.992063284
1341846326.021991 0.005664317 0.001164628 0.079481259 0.116103530 0.007352788 0.057094373 0.991567492
1341846326.089984 0.008570023 0.017029755 0.084765568 0.125031367 0.008054000 0.060220469 0.990290761
1341846326.154079 0.007866008 0.026699433 0.084127784 0.125250027 0.014750121 0.057006676 0.990376234
1341846326.190178 0.003838777 0.030165639 0.088300094 0.127857834 0.014759756 0.058690451 0.989944398
1341846326.222162 0.002959601 0.040839553 0.086345345 0.128053144 0.012985994 0.064396426 0.989589214
1341846326.259181 0.004156577 0.049952053 0.085913092 0.125032648 0.009756964 0.069587126 0.989661157
1341846326.291222 0.006460237 0.056926269 0.088613719 0.121968754 0.008661202 0.069980226 0.990025938
1341846326.322766 0.007485446 0.059825860 0.089864440 0.117647491 0.008875193 0.068732932 0.990634203
1341846326.359773 0.007585743 0.066806950 0.091235444 0.114365809 0.010457209 0.066302076 0.991168559
1341846326.423985 0.006195735 0.065610215 0.094361126 0.116383754 0.013256552 0.071539536 0.990535796
1341846326.459869 0.002369078 0.076347932 0.096775740 0.119724900 0.011157352 0.075630888 0.989859283
1341846326.491143 0.008006897 0.082069479 0.097134799 0.120800428 0.009258668 0.075705923 0.989742458
1341846326.526163 0.009560975 0.095252648 0.100623310 0.120975055 0.011843673 0.075216018 0.989730895
1341846326.560211 0.008472119 0.100996643 0.101412117 0.116023533 0.016137322 0.075258128 0.990259767
1341846326.591828 0.007793487 0.103081271 0.103407972 0.112555772 0.017787047 0.077510208 0.990457952
1341846326.627027 0.008907702 0.110677548 0.105566412 0.112859875 0.019304922 0.076544791 0.990470052
1341846326.658442 0.010189423 0.116257511 0.108122960 0.111235924 0.022945272 0.074965261 0.990696847
1341846326.694856 -0.008175283 0.087426104 0.094030254 0.104147948 0.028222889 0.075197175 0.991313279
1341846326.762753 0.009073822 0.141721398 0.113138378 0.097349755 0.029945556 0.070211053 0.992318869
1341846326.794046 -0.005666099 0.114256293 0.093830794 0.086458035 0.034697015 0.068958417 0.993260205
1341846326.826821 -0.008512974 0.120935716 0.098091245 0.078568123 0.037824821 0.065872028 0.994010687
1341846326.858887 -0.009083196 0.126389652 0.097346045 0.070988707 0.039015964 0.065278687 0.994573772
1341846326.895360 -0.012489276 0.125319779 0.099588692 0.068199642 0.039253499 0.066492826 0.994679213
1341846326.926897 -0.014226180 0.129235715 0.100484759 0.070461288 0.035674740 0.068126403 0.994545758
1341846326.958888 -0.009705646 0.135844484 0.099214464 0.073297352 0.032379348 0.071483292 0.994217873
1341846326.994594 -0.008687874 0.145009473 0.099818982 0.074816495 0.032778502 0.073923461 0.993913174
1341846327.026301 -0.008249036 0.152756259 0.101999171 0.073375091 0.034004938 0.073305435 0.994025171
1341846327.063945 -0.006760466 0.156055555 0.097470611 0.069778614 0.036035687 0.070808157 0.994393528
1341846327.094662 -0.006956380 0.160220787 0.103530496 0.069476634 0.038500212 0.068322435 0.994496226
1341846327.128901 -0.007906954 0.166442215 0.107040569 0.069269516 0.038713422 0.066359103 0.994635344
1341846327.161940 -0.007470335 0.173779175 0.108774737 0.068563133 0.037475798 0.065943755 0.994759321
1341846327.193867 -0.003763250 0.177101150 0.109565303 0.067469135 0.038273312 0.064602822 0.994891703
1341846327.229885 -0.001718268 0.184352398 0.116640419 0.069042563 0.041209396 0.063414253 0.994742930
1341846327.262014 -0.000874536 0.191246569 0.105866536 0.068356469 0.045056548 0.061060149 0.994770825
1341846327.294023 0.005196922 0.196000248 0.104605913 0.071166635 0.054465208 0.055603016 0.994423032
1341846327.330015 0.009201623 0.202857360 0.120593518 0.075947188 0.065598562 0.054453466 0.993460476
1341846327.361939 -0.000596263 0.184547648 0.113384046 0.070884764 0.073097043 0.048003938 0.993643701
1341846327.393887 -0.002087359 0.188421026 0.111357711 0.068907082 0.075955376 0.040603504 0.993898332
1341846327.429966 -0.006642019 0.201008409 0.116017468 0.068044253 0.076809578 0.038499262 0.993975878
1341846327.461965 -0.010259882 0.210887671 0.116990343 0.060420245 0.072560497 0.038775630 0.994776785
1341846327.497931 -0.005780130 0.213976994 0.115623221 0.055683888 0.069607131 0.038273185 0.995283544
1341846327.530068 -0.007370298 0.220977932 0.116524279 0.054913346 0.070478193 0.040604487 0.995172679
1341846327.561895 -0.010964217 0.225704178 0.118958190 0.052887660 0.069219843 0.043449692 0.995250523
1341846327.598010 -0.013001945 0.229464754 0.122379065 0.054646768 0.066411771 0.048412956 0.995117724
1341846327.629945 -0.014998061 0.239807308 0.125497699 0.056763444 0.061367124 0.050561968 0.995216310
1341846327.662003 -0.015586128 0.241821170 0.121245719 0.055833902 0.058103021 0.045710191 0.995699346
1341846327.697919 -0.013612412 0.273919940 0.128558218 0.060765285 0.057084803 0.045283496 0.995489001
1341846327.730075 -0.011698875 0.283900201 0.128973275 0.057576302 0.055222787 0.047572155 0.995676816
1341846327.766017 -0.014558211 0.285295486 0.131108865 0.052294504 0.055483233 0.047034144 0.995979309
1341846327.797917 -0.013017047 0.298569351 0.130599201 0.049573395 0.054430723 0.050285306 0.996017635
1341846327.830054 -0.013201859 0.306647420 0.130592883 0.043579374 0.053527974 0.051174182 0.996301532
1341846327.865944 -0.013096109 0.309658676 0.128863558 0.039410159 0.055231214 0.050863232 0.996398151
1341846327.898010 -0.015369646 0.315856040 0.136223555 0.037729662 0.056343321 0.052513231 0.996315360
1341846327.929991 -0.014731126 0.324884832 0.134248182 0.034217689 0.054325350 0.051166229 0.996624291
1341846327.966065 -0.017580792 0.324226499 0.138448775 0.029144479 0.054958750 0.049314417 0.996844113
1341846327.998073 -0.015089978 0.329285294 0.132706404 0.023778224 0.054944485 0.047829062 0.997059703
1341846328.034045 -0.014988973 0.287007183 0.123717330 0.013753397 0.056495145 0.046081230 0.997244060
1341846328.065993 -0.014784530 0.286299586 0.121617816 0.007436111 0.057592135 0.044912476 0.997301698
1341846328.098045 -0.014237233 0.284888536 0.125087023 0.006217923 0.057944037 0.046037864 0.997238338
1341846328.133967 -0.014483603 0.282491416 0.124266773 0.009523600 0.056756955 0.049196944 0.997129679
1341846328.166023 -0.013882007 0.282273710 0.122675709 0.009284189 0.053457677 0.050992675 0.997224033
1341846328.198018 -0.014726322 0.276721954 0.122637391 0.008037915 0.051093239 0.048103232 0.997502327
1341846328.234044 -0.014520536 0.270641357 0.116279110 0.010292892 0.049320560 0.047175597 0.997615159
1341846328.265899 -0.013925717 0.263870060 0.116961747 0.011802141 0.047531664 0.047641505 0.997663140
1341846328.302051 -0.013628174 0.252565920 0.112005122 0.012271533 0.047414929 0.046467710 0.997718394
1341846328.333917 -0.013068859 0.240919590 0.114374362 0.014679792 0.047853939 0.048464723 0.997569859
1341846328.366008 -0.012764920 0.230309010 0.112700835 0.018654851 0.047072280 0.046062782 0.997654438
1341846328.402010 -0.010376316 0.216304541 0.110212691 0.030723358 0.048685569 0.049016844 0.997137487
1341846328.433920 -0.012893049 0.204063401 0.116336346 0.032997947 0.047714539 0.047627900 0.997179031
1341846328.470003 -0.014438010 0.217323840 0.112145856 0.034059193 0.046111207 0.042180944 0.997464001
1341846328.502194 -0.009679067 0.199385896 0.108653761 0.033984173 0.047800794 0.034182481 0.997693181
1341846328.534033 -0.007007943 0.188921630 0.103956878 0.034192692 0.050576251 0.030792838 0.997659624
1341846328.570125 -0.008720985 0.175541788 0.107262626 0.035352904 0.051663201 0.030815899 0.997562766
1341846328.602804 -0.012499200 0.156527579 0.099936411 0.038693909 0.047717389 0.032777313 0.997572780
1341846328.636433 -0.012056248 0.147028431 0.102722801 0.043581199 0.039759554 0.033514239 0.997695684
1341846328.672663 -0.008650098 0.137197286 0.102122605 0.047831625 0.033959351 0.031346068 0.997785687
1341846328.702975 -0.007522871 0.157129303 0.105729327 0.052823115 0.030506967 0.029758302 0.997694135
1341846328.738215 -0.002737537 0.143097281 0.104383044 0.056450214 0.028084617 0.026516577 0.997658014
1341846328.770129 -0.003612396 0.138096929 0.103985608 0.060424183 0.027256289 0.025305424 0.997479677
1341846328.802331 0.011662189 0.156387836 0.117301956 0.063493639 0.022788461 0.026038213 0.997382224
1341846328.838051 0.002035854 0.118230715 0.100106470 0.063429065 0.020899957 0.024533994 0.997465789
1341846328.869939 0.001286504 0.119316012 0.101438858 0.064717956 0.019973785 0.022511601 0.997449696
1341846328.904486 0.014953684 0.137365714 0.111954674 0.062215775 0.016296979 0.021443792 0.997699261
1341846328.939814 0.005241240 0.090883113 0.095977813 0.059814349 0.013713765 0.022321535 0.997865677
1341846328.970217 0.004343009 0.091994785 0.098171473 0.065246217 0.012100784 0.024721393 0.997489512
1341846329.006232 0.004649634 0.085119024 0.094588712 0.065448925 0.009583035 0.029812846 0.997364402
1341846329.038243 0.008085566 0.073566720 0.092498586 0.067823321 0.007961722 0.030668832 0.997194052
1341846329.072238 0.008840728 0.076184504 0.089387499 0.073193878 0.008590221 0.030062588 0.996827543
1341846329.106125 0.007864993 0.073007911 0.089448303 0.071796618 0.007957642 0.029167300 0.996960998
1341846329.138340 0.009353373 0.062868692 0.088019431 0.072285607 0.006982846 0.027357280 0.996984243
1341846329.169991 0.009519663 0.061901670 0.084598057 0.074558303 0.006067007 0.026135981 0.996855617
1341846329.208656 0.011071840 0.056451045 0.083013952 0.074517898 0.004862585 0.024871081 0.996897578
1341846329.238169 0.028860146 0.084128499 0.094540305 0.077250995 0.002317184 0.024661191 0.996703923
1341846329.273827 0.028456479 0.076147258 0.095156252 0.074793048 0.001529648 0.024876783 0.996887565
1341846329.306052 0.028698009 0.074658580 0.091312349 0.075500779 -0.000995531 0.024296852 0.996849179
1341846329.338104 0.032305330 0.076511197 0.090665914 0.072349399 -0.003382359 0.021980103 0.997131348
1341846329.373907 0.031004559 0.063440233 0.088744439 0.067669898 -0.003668772 0.020749453 0.997485220
1341846329.405985 0.031296164 0.056774992 0.089483730 0.068497896 -0.005337228 0.018435823 0.997466624
1341846329.442057 0.032449413 0.058034498 0.088181578 0.068466894 -0.005970375 0.014526714 0.997529745
1341846329.473950 0.029556263 0.046647012 0.084274158 0.066273071 -0.006397517 0.008344041 0.997746110
1341846329.506147 0.010729936 0.056809589 0.075174555 0.067485541 -0.006726734 0.005803090 0.997680664
1341846329.542121 0.009200745 0.051622029 0.075013362 0.065457769 -0.009582768 0.005629451 0.997793436
1341846329.574086 0.011128579 0.041396700 0.074844629 0.066921756 -0.011912836 0.003835138 0.997679710
1341846329.606387 0.011916542 0.040836759 0.070063040 0.069701523 -0.012566749 0.002962352 0.997484326
1341846329.641955 0.009204095 0.038686424 0.070866957 0.069655970 -0.013504477 0.003131414 0.997474730
1341846329.681570 0.007701033 0.032405995 0.071131945 0.068472527 -0.016079474 0.003353419 0.997517765
1341846329.748113 0.011865204 0.029520679 0.069793262 0.070643701 -0.016808230 0.000883808 0.997359574
1341846329.774077 0.011575108 0.022864208 0.070770025 0.068077482 -0.014894182 0.003235820 0.997563601
1341846329.810175 0.028761437 0.004527503 0.075138122 0.067090288 -0.014514685 0.004213685 0.997632384
1341846329.842255 0.028139863 -0.000856920 0.079131193 0.068404920 -0.014672487 0.007729004 0.997519791
1341846329.910073 0.027299086 -0.001682698 0.072765574 0.070760407 -0.014878604 0.012901973 0.997298896
1341846329.942009 0.027872389 -0.001693274 0.072711699 0.066200063 -0.015657853 0.018548731 0.997511029
1341846329.978087 0.027279885 -0.013857567 0.073041007 0.063264176 -0.015953664 0.020170711 0.997665405
1341846330.016305 0.030053725 -0.010583483 0.070532411 0.065688878 -0.015172690 0.017784111 0.997566283
1341846330.080418 0.027376497 -0.017643277 0.069467895 0.056965385 -0.013575342 0.021196770 0.998058736
1341846330.115886 0.028473839 -0.026262295 0.070011221 0.058895174 -0.012272392 0.022151293 0.997942865
1341846330.147839 0.025036884 -0.018327737 0.066493064 0.062457491 -0.011440719 0.023587927 0.997703254
1341846330.215852 0.027114237 -0.018569488 0.066334367 0.051232331 -0.011648250 0.026831131 0.998258293
1341846330.247833 0.023772115 -0.021667495 0.065570153 0.049256954 -0.010541377 0.025245992 0.998411357
1341846330.283913 0.023383403 -0.013322394 0.064968936 0.046757706 -0.011355279 0.026302803 0.998495340
1341846330.316011 0.021085260 -0.022303991 0.065873079 0.039269745 -0.011531039 0.025055423 0.998847842
1341846330.383835 0.022912895 -0.026684247 0.064705081 0.035173044 -0.014158903 0.024688995 0.998975873
1341846330.415934 0.021902930 -0.034055330 0.065483972 0.033855259 -0.013024592 0.022564761 0.999087095
1341846330.452561 0.018944383 -0.034935318 0.064968467 0.036783129 -0.013027468 0.021159651 0.999014258
1341846330.483903 0.017354103 -0.032320380 0.063440397 0.037306849 -0.014743085 0.023442298 0.998920023
1341846330.552099 0.018314412 -0.038754247 0.061531160 0.036551915 -0.018450979 0.029039420 0.998739302
1341846330.583876 0.016825512 -0.034497313 0.058680765 0.036527559 -0.018629257 0.029853785 0.998712838
1341846330.619992 -0.005464152 -0.008039350 0.053159792 0.033995677 -0.017837204 0.030079588 0.998809934
1341846330.683796 0.013947964 -0.034565914 0.056091920 0.020988489 -0.020953404 0.026489895 0.999209046
1341846330.752103 -0.011466607 -0.019958137 0.047417715 0.021182898 -0.024679467 0.031422112 0.998976946
1341846330.787952 -0.015333011 -0.016932737 0.046415199 0.022750027 -0.028885402 0.035247769 0.998701990
1341846330.819823 -0.013375125 -0.017241279 0.044629466 0.022351764 -0.033747591 0.036284871 0.998521388
1341846330.888445 -0.014273684 -0.008141764 0.039137740 0.019406870 -0.037409175 0.038109075 0.998384476
1341846330.914111 -0.014287245 -0.006354695 0.040096175 0.013966003 -0.038919937 0.037122469 0.998454869
1341846330.949903 -0.017936133 -0.011264727 0.039304852 0.010409120 -0.039223030 0.036207601 0.998520017
1341846331.014111 -0.019943889 -0.007903614 0.035519350 0.011288607 -0.047611848 0.037085950 0.998113394
1341846331.082139 -0.021614116 -0.010328804 0.032754932 0.012673324 -0.050309591 0.034337822 0.998062730
1341846331.114334 -0.022720046 -0.008748874 0.032275792 0.012657904 -0.052420855 0.033920385 0.997968554
1341846331.149989 -0.021312628 -0.012551008 0.033321112 0.012463652 -0.053661216 0.032866463 0.997940361
1341846331.181954 -0.022555146 -0.013315283 0.030786075 0.015542135 -0.053856846 0.031618796 0.997926891
1341846331.249914 -0.020454384 -0.011216599 0.030741630 0.013305755 -0.058991216 0.031175297 0.997682869
1341846331.282227 -0.008829580 -0.036188241 0.029609567 0.015268540 -0.056103610 0.028918996 0.997889221
1341846331.318141 -0.012839582 -0.024908818 0.032050781 0.022609094 -0.050371662 0.028096022 0.998079240
1341846331.349926 -0.014911978 -0.010081381 0.030405277 0.022995904 -0.047351200 0.026603356 0.998259187
1341846331.382003 0.005874141 -0.036492191 0.030529020 0.022324469 -0.043621704 0.025685219 0.998468339
1341846331.418008 -0.002217700 -0.029918890 0.039251186 0.030574352 -0.032426283 0.026074994 0.998665988
1341846331.486219 -0.013612566 -0.008275663 0.043341875 0.034915030 -0.023739761 0.027320845 0.998734713
1341846331.518344 -0.008298643 -0.009413460 0.043982118 0.033476647 -0.023757489 0.026001317 0.998818696
1341846331.550202 -0.005503849 -0.013925442 0.050174437 0.035151679 -0.019617252 0.025202556 0.998871505
1341846331.586139 -0.010725670 -0.007399173 0.050043453 0.038321812 -0.017211635 0.025198638 0.998799384
1341846331.617931 -0.007363982 -0.005683740 0.054034963 0.037584070 -0.017879816 0.025754444 0.998801529
1341846331.686123 -0.006535619 -0.004160712 0.060615689 0.040668469 -0.012416380 0.027715420 0.998711050
1341846331.717954 -0.008819859 0.001003762 0.064225547 0.038088098 -0.013357243 0.028302815 0.998784184
1341846331.754076 -0.002091699 -0.005264252 0.070764989 0.035045441 -0.013815943 0.027246088 0.998918712
1341846331.818053 -0.004463383 0.000458454 0.078668356 0.039251756 -0.008795659 0.026035575 0.998851359
1341846331.853849 -0.003602817 -0.003153686 0.086652800 0.037549455 -0.008595970 0.025612315 0.998929501
1341846331.885987 0.001047543 -0.004952076 0.090471752 0.039994083 -0.006744368 0.023944348 0.998890221
1341846331.922014 -0.000572563 -0.000289012 0.095986396 0.042798612 -0.003258887 0.022931598 0.998815179
1341846331.954037 0.002638413 -0.000491843 0.100038692 0.042549506 -0.000967965 0.023326339 0.998821557
1341846332.022364 0.002242862 -0.018574417 0.110369995 0.049290668 0.009777559 0.024160398 0.998444319
1341846332.086502 0.002094147 -0.012506114 0.119226083 0.059494313 0.009857367 0.028394705 0.997776031
1341846332.122051 0.001004351 -0.010508738 0.125743657 0.061602220 0.011143638 0.027469264 0.997660458
1341846332.190165 -0.002042793 -0.002729384 0.136962280 0.054374311 0.009450711 0.022994338 0.998211086
1341846332.222699 -0.001380330 -0.009736790 0.144409016 0.050703868 0.009087727 0.021603232 0.998438716
1341846332.254145 -0.002143338 -0.011553666 0.151258335 0.053492311 0.009707417 0.021045269 0.998299241
1341846332.289948 -0.003743913 -0.009304941 0.156018257 0.055800572 0.009751490 0.022654742 0.998137236
1341846332.322172 -0.002628087 -0.009942385 0.159133866 0.056344539 0.009001760 0.024933701 0.998059392
1341846332.354003 0.001411768 -0.012583936 0.164594561 0.058691926 0.010147930 0.022839649 0.997963250
1341846332.422055 -0.000435890 -0.004621360 0.172181830 0.059318636 0.017542966 0.016800085 0.997943521
1341846332.458114 0.002094410 -0.007024128 0.179227456 0.058467671 0.019374901 0.012783452 0.998019397
1341846332.489993 -0.002837270 -0.004718758 0.181947380 0.059742022 0.022070695 0.013630732 0.997876763
1341846332.522130 -0.008335287 -0.004023466 0.184853867 0.059013728 0.019164303 0.018878866 0.997894645
1341846332.558114 -0.006074862 -0.005079517 0.190163806 0.059001114 0.013335555 0.025885427 0.997833133
1341846332.589874 -0.000780373 0.001027159 0.191671401 0.059721496 0.009493567 0.030880401 0.997692168
1341846332.621889 0.001850533 -0.002711684 0.190204769 0.055259280 0.009061145 0.032371793 0.997905970
1341846332.726000 0.001387003 0.001663558 0.210037842 0.048599888 0.009641167 0.036448419 0.998106539
1341846332.758386 0.004801017 0.002423050 0.213725105 0.049472265 0.006645857 0.038267113 0.998020053
1341846332.789937 0.010187990 -0.000846261 0.211512551 0.048685811 0.006424480 0.036905583 0.998111427
1341846332.825925 0.011013186 -0.001145180 0.217952803 0.046199102 0.008996662 0.035020728 0.998277664
1341846332.857898 0.011465940 -0.002416657 0.223055601 0.046989057 0.010221142 0.034714129 0.998239696
1341846332.894069 0.011386042 0.004006369 0.224551201 0.047685765 0.010401574 0.034866799 0.998199463
1341846332.958015 0.016162863 0.007696157 0.235975072 0.041823197 0.012568530 0.030280763 0.998586953
1341846332.994073 0.016997214 0.017529767 0.242266059 0.040085752 0.013663774 0.029157808 0.998677254
1341846333.026545 0.019164369 0.010715518 0.244324714 0.036937714 0.014793002 0.026621521 0.998853385
1341846333.057998 0.022164367 0.018524298 0.251167089 0.036545154 0.016259748 0.026571853 0.998846352
1341846333.094024 0.022027226 0.009787180 0.248905167 0.035648458 0.018494692 0.029511932 0.998757303
1341846333.126095 0.025886860 0.012112958 0.254060864 0.036747914 0.019389344 0.032738991 0.998599946
1341846333.161973 0.028365031 0.015812032 0.256065130 0.036227293 0.021733262 0.033843961 0.998533845
1341846333.195660 0.027110130 0.023682028 0.261879563 0.034559850 0.024064183 0.035848420 0.998469532
1341846333.262056 0.028270129 0.019259393 0.255966067 0.030102039 0.024696322 0.034458660 0.998647332
1341846333.362100 0.030170973 0.022547442 0.259442359 0.022042533 0.022526208 0.029837715 0.999057770
1341846333.394119 0.029093735 0.020085501 0.263824552 0.018365743 0.022121461 0.029320978 0.999156475
1341846333.429974 0.030057784 0.021431338 0.262398273 0.017844483 0.020039819 0.029230570 0.999212444
1341846333.462115 0.030896485 0.019385191 0.265008003 0.016825855 0.020442955 0.027846957 0.999261498
1341846333.494040 0.031064710 0.019439921 0.266074002 0.017834261 0.021313604 0.026442105 0.999263942
1341846333.529953 0.033968363 0.028816130 0.276762873 0.019771149 0.022259939 0.026398871 0.999208033
1341846333.562063 0.033276744 0.029720100 0.277550250 0.020863503 0.024594557 0.028163120 0.999082923
1341846333.594090 0.028650966 0.024384964 0.267093122 0.019399296 0.024688477 0.028327599 0.999105453
1341846333.629994 0.029803865 0.034597561 0.276188463 0.017132483 0.022125522 0.027942689 0.999217749
1341846333.662127 0.032377031 0.035073493 0.275180280 0.014184603 0.020121599 0.027004687 0.999332130
1341846333.697964 0.034006342 0.032604959 0.274992734 0.011711472 0.019650266 0.027700631 0.999354482
1341846333.730092 0.034422092 0.030818477 0.273244709 0.013746493 0.019802801 0.028632268 0.999299288
1341846333.762089 0.033467777 0.032001171 0.271426082 0.015623483 0.020558365 0.030159224 0.999211550
1341846333.798006 0.032178596 0.030148782 0.271209717 0.016777517 0.021674037 0.029826222 0.999179244
1341846333.830055 0.032889578 0.028804209 0.266530246 0.019038217 0.022301978 0.028139191 0.999173880
1341846333.866045 0.029818613 0.008537478 0.242763355 0.017774299 0.024180347 0.026689282 0.999193192
1341846333.897987 0.028457761 0.006678858 0.240241706 0.019097570 0.024376491 0.026016144 0.999181747
1341846333.930099 0.028574646 0.005163806 0.238656849 0.021600550 0.024925208 0.024834692 0.999147356
1341846333.965889 0.027246330 0.005328013 0.236436561 0.024090501 0.026222827 0.024598368 0.999063015
1341846333.997985 0.027452657 0.002894410 0.234195173 0.026168551 0.026995391 0.024138564 0.999001384
1341846334.030076 0.026467100 0.004024946 0.230822846 0.029639158 0.028200854 0.025145207 0.998846292
1341846334.066000 0.023622733 0.002541234 0.227950603 0.030960765 0.028506355 0.026382647 0.998765647
1341846334.097932 0.024977330 0.002174348 0.224708498 0.032842264 0.027921958 0.026400354 0.998721600
1341846334.133884 0.022021800 0.002164467 0.222088173 0.034342989 0.029589640 0.026309634 0.998625457
1341846334.166115 0.018595299 0.002191865 0.219542533 0.034928605 0.029080436 0.027219679 0.998595715
1341846334.198072 0.018768450 0.001083496 0.215838477 0.034928482 0.027313747 0.026464924 0.998665929
1341846334.234097 0.021892868 0.022467315 0.233176306 0.037811428 0.027291294 0.024930250 0.998601019
1341846334.266045 0.018850319 0.014278535 0.227497786 0.037009787 0.029548967 0.024905944 0.998567402
1341846334.297946 0.014368408 0.014110927 0.224624231 0.038401540 0.028864877 0.026208870 0.998501480
1341846334.334036 0.014910048 0.013625564 0.219454959 0.038456440 0.026769618 0.027163403 0.998532236
1341846334.365871 0.015166640 0.013240729 0.214495480 0.037851304 0.026596086 0.025775895 0.998596787
1341846334.433864 0.009768975 0.011957821 0.211810902 0.036653310 0.027355682 0.024859954 0.998644173
1341846334.466105 0.008332919 0.012369276 0.206656709 0.037237160 0.025774755 0.025579134 0.998646498
1341846334.502142 0.006844241 0.014233000 0.202282518 0.036459770 0.024403591 0.026921432 0.998674333
1341846334.540153 0.006223026 0.012116846 0.199999973 0.035417784 0.023373604 0.025447302 0.998775065
1341846334.566584 0.002757738 0.015512616 0.194866300 0.034784190 0.022868225 0.022157855 0.998887420
1341846334.602351 -0.000602965 0.016155249 0.192662418 0.031358887 0.020587426 0.018240280 0.999129653
1341846334.634069 -0.000440460 0.014967760 0.189268485 0.027850252 0.018234493 0.013988152 0.999347866
1341846334.670161 -0.003090491 0.014966214 0.186142027 0.026135968 0.018332025 0.011201174 0.999427497
1341846334.702085 -0.006096393 0.012485120 0.181223154 0.024526253 0.016724084 0.011366455 0.999494672
1341846334.734751 -0.006413547 0.011959925 0.175986961 0.024539659 0.013780103 0.012654916 0.999523759
1341846334.770889 -0.008642064 0.013481655 0.173912138 0.024919122 0.012586638 0.014841681 0.999500036
1341846334.802194 -0.010600921 0.013645873 0.171370000 0.024639366 0.009878498 0.016558271 0.999510467
1341846334.833908 -0.009154370 0.014224472 0.166479930 0.024035797 0.007977021 0.014977389 0.999567091
1341846334.869874 -0.011634260 0.014663309 0.159476757 0.022643419 0.007968009 0.014428250 0.999607742
1341846334.902006 -0.014821548 0.013538346 0.154908508 0.020743081 0.006886053 0.014760776 0.999652147
1341846334.938010 -0.015394307 0.013019484 0.150772005 0.020174032 0.003531813 0.014464733 0.999685585
1341846334.970032 -0.013272166 0.012768671 0.147463396 0.020013461 0.002125654 0.013601770 0.999704897
1341846335.002203 -0.015851349 0.009433940 0.141956821 0.020752529 0.002745983 0.014617798 0.999674022
1341846335.037880 -0.020893114 0.010849142 0.136976615 0.023863094 0.000658614 0.016594198 0.999577284
1341846335.069990 -0.019351732 0.012027229 0.130930543 0.024019832 -0.002913475 0.017251601 0.999558330
1341846335.106038 -0.016406771 0.009111665 0.127615020 0.023469968 -0.002480449 0.016188059 0.999590397
1341846335.138045 -0.020916188 0.008994197 0.122753352 0.025294703 -0.000662444 0.014995130 0.999567330
1341846335.169900 -0.024834989 0.011323074 0.118735544 0.026206601 -0.002301324 0.014499829 0.999548733
1341846335.206091 -0.019325687 0.003578237 0.113214299 0.024518466 -0.005460018 0.012848021 0.999601901
1341846335.269948 -0.024018396 0.011208583 0.108839318 0.026448142 -0.002376381 0.008659842 0.999609828
1341846335.305972 -0.024387112 0.000058834 0.099615969 0.027549712 -0.003901458 0.009423552 0.999568403
1341846335.338012 -0.022784268 -0.001188518 0.096380316 0.028672790 -0.005921963 0.011305946 0.999507368
1341846335.374005 -0.017999817 -0.005773738 0.093956485 0.031941880 -0.005328755 0.013138289 0.999389172
1341846335.406025 -0.019530823 -0.006704400 0.090152822 0.038195085 -0.002554159 0.015025075 0.999154031
1341846335.438079 -0.021690236 -0.002176063 0.085259147 0.044559773 -0.001369314 0.017799310 0.998847187
1341846335.473998 -0.022520470 0.011205669 0.083956577 0.047958124 0.000147513 0.019081775 0.998667061
1341846335.507038 -0.022904890 0.013605560 0.080064543 0.049330577 0.002849529 0.016974732 0.998634160
1341846335.538040 -0.024893221 0.016826179 0.076945059 0.049138196 0.005326394 0.015025026 0.998664737
1341846335.574119 -0.027548771 0.022981269 0.073433161 0.047274452 0.005665354 0.015006776 0.998753130
1341846335.605970 -0.027628805 0.020500511 0.070182122 0.045259818 0.004719257 0.014773744 0.998854816
1341846335.641978 -0.026905326 0.019951377 0.065685637 0.046316225 0.005711948 0.012229258 0.998835623
1341846335.673993 -0.028931133 0.019706318 0.061247531 0.046207920 0.006835686 0.011917206 0.998837352
1341846335.706178 -0.029291207 0.011653101 0.054506268 0.044781227 0.005420243 0.012664475 0.998901844
1341846335.873966 -0.029617570 0.012960655 0.035408065 0.042291038 0.006999185 0.011295354 0.999016941
1341846335.910005 -0.032390334 0.014326707 0.028836954 0.041950375 0.007498354 0.012793981 0.999009669
1341846335.941936 -0.034310266 0.014848216 0.023866937 0.040983543 0.005717800 0.013841200 0.999047577
1341846335.974198 -0.032682922 0.014365258 0.017712710 0.040511113 0.004571812 0.012147572 0.999094784
1341846336.010032 -0.035142187 0.015412369 0.015117462 0.040586095 0.004795367 0.010374330 0.999110699
1341846336.042129 -0.038243420 0.015345049 0.009465139 0.039646767 0.004038213 0.010462256 0.999150813
1341846336.078076 -0.039009802 0.013847742 0.006312135 0.039407305 0.002093545 0.009881663 0.999172151
1341846336.110739 -0.038399033 0.014040912 0.002676853 0.039914947 0.001567626 0.008393452 0.999166608
1341846336.142002 -0.040891547 0.015061675 0.002358992 0.039860785 0.001818805 0.009718759 0.999156356
1341846336.183953 -0.045351617 0.019332075 -0.009111388 0.039845798 0.000065298 0.010167891 0.999154091
1341846336.241891 -0.044514228 0.019357800 -0.010776243 0.037850138 -0.001388660 0.009949125 0.999232948
1341846336.277946 -0.047590308 0.015748052 -0.012364225 0.037840471 -0.000458168 0.011128670 0.999221742
1341846336.309977 -0.050026074 0.009426410 -0.025335547 0.039483398 -0.002633569 0.014329642 0.999113977
1341846336.578003 -0.055961002 0.019410281 -0.041522387 0.044013619 -0.003331702 0.018742030 0.998849571
1341846336.645982 -0.056163434 0.021824289 -0.045369353 0.042549316 -0.001454331 0.017588645 0.998938501
1341846336.678036 -0.059265137 0.020264054 -0.048805267 0.040384240 -0.002789876 0.017626287 0.999024868
1341846336.714024 -0.059900712 0.016254876 -0.045906376 0.041361783 -0.005199936 0.017437048 0.998978555
1341846336.746016 -0.060552120 0.014415422 -0.051025152 0.044929240 -0.007211908 0.018794507 0.998787344
1341846336.778014 -0.063686498 0.017727174 -0.056131907 0.048067354 -0.010638995 0.022112168 0.998542607
1341846336.820006 -0.063740015 0.020921905 -0.062883019 0.048772130 -0.014523938 0.024730710 0.998398066
1341846336.845952 -0.062257648 0.017929362 -0.059203319 0.049220864 -0.016355881 0.023824416 0.998369753
1341846336.882056 -0.063816383 0.020103009 -0.064987719 0.051392511 -0.016607093 0.022885522 0.998278141
1341846336.914273 -0.067759342 0.016428297 -0.068451963 0.053084489 -0.020383174 0.024600895 0.998078823
1341846336.945998 -0.069228962 0.010302585 -0.072438762 0.058484141 -0.026853709 0.026768886 0.997568011
1341846336.981980 -0.053365409 0.013544504 -0.067910217 0.062848285 -0.032295968 0.025109902 0.997184277
1341846337.014238 -0.052234937 0.017046591 -0.073090412 0.060198002 -0.035118349 0.023320999 0.997295856
1341846337.046017 -0.051617563 0.015715087 -0.068134904 0.057761010 -0.036723513 0.018828163 0.997477114
1341846337.082104 -0.063941725 0.013037387 -0.074693419 0.056761667 -0.035705049 0.015507861 0.997628570
1341846337.214073 -0.063793860 0.017905436 -0.080669709 0.051179014 -0.038045026 0.008299779 0.997930050
1341846337.250087 -0.067220867 0.012656244 -0.082615599 0.047637381 -0.039101340 0.009366897 0.998055100
1341846337.282028 -0.068598263 0.008542430 -0.084174186 0.048395813 -0.043215353 0.012630832 0.997812927
1341846337.317920 -0.064486362 0.013158135 -0.081973828 0.048784036 -0.045457210 0.013493908 0.997683167
1341846337.350018 -0.064940818 0.015684210 -0.087785199 0.047333054 -0.044642836 0.013549685 0.997789025
1341846337.382159 -0.063946187 0.013213432 -0.086439721 0.044412620 -0.044447202 0.011187933 0.997961342
1341846337.417941 -0.068542317 0.009905001 -0.085151359 0.044705331 -0.043304693 0.011252833 0.997997761
1341846337.450137 -0.068594187 0.013398148 -0.090723097 0.045732614 -0.045052562 0.012412629 0.997860074
1341846337.482096 -0.066985205 0.012749154 -0.088683620 0.044244561 -0.045645583 0.013142857 0.997890830
1341846337.518008 -0.067944109 0.010370964 -0.089573927 0.044746120 -0.045897461 0.013383931 0.997853696
1341846337.549978 -0.067289025 0.015840385 -0.092534244 0.045808394 -0.046712421 0.011881760 0.997786760
1341846337.585971 -0.067281678 0.014219280 -0.093192399 0.042876478 -0.046919066 0.010570948 0.997922063
1341846337.617903 -0.065939464 0.004988807 -0.090965211 0.042747065 -0.047859658 0.010921597 0.997879207
1341846337.686352 -0.065180533 0.015547101 -0.091245279 0.044905674 -0.047996901 0.010908718 0.997777939
1341846337.786157 -0.060059238 0.018719364 -0.090485983 0.040095955 -0.043286435 0.010214915 0.998205543
1341846337.885951 -0.062024735 0.021061713 -0.080514818 0.033761930 -0.035525113 0.009760952 0.998750627
1341846337.918223 -0.060557473 0.022826428 -0.077731200 0.029660314 -0.034429125 0.007212371 0.998940885
1341846337.954120 -0.059662607 0.020215094 -0.075343817 0.027049506 -0.033037256 0.006614333 0.999066114
1341846337.985994 -0.059085712 0.024930533 -0.071307786 0.025099002 -0.032285824 0.006710513 0.999140978
1341846338.018107 -0.057470702 0.023482349 -0.071238168 0.021358902 -0.030782599 0.007864471 0.999266922
1341846338.054055 -0.056435473 0.024951592 -0.067186952 0.019305378 -0.029591996 0.007344688 0.999348640
1341846338.085986 -0.055285577 0.025588628 -0.062017024 0.015906498 -0.026606927 0.007140934 0.999493897
1341846338.121875 -0.055623602 0.022687096 -0.062815249 0.013505329 -0.024064660 0.008310976 0.999584615
1341846338.154089 -0.055784542 0.022848891 -0.059311386 0.012780158 -0.023392515 0.011462570 0.999578953
1341846338.186029 -0.055560321 0.024545440 -0.054688543 0.011843358 -0.024060357 0.014521270 0.999534905
1341846338.222071 -0.053406183 0.026331246 -0.049326681 0.010951752 -0.023231890 0.014147197 0.999570012
1341846338.254107 -0.054928839 0.025393398 -0.046808377 0.009082842 -0.020925608 0.014065541 0.999640822
1341846338.290130 -0.057501696 0.024324212 -0.049768664 0.009168865 -0.020818837 0.016154412 0.999610662
1341846338.354022 -0.055914544 0.025680721 -0.044134572 0.008698674 -0.019580973 0.018718595 0.999595165
1341846338.389969 -0.054973070 0.028219270 -0.039297346 0.008828174 -0.018760068 0.019007677 0.999604344
1341846338.422377 -0.055419702 0.028306229 -0.036843490 0.006832978 -0.018134853 0.019002223 0.999631584
1341846338.454010 -0.055656802 0.029036254 -0.031926494 0.006056936 -0.018467858 0.017707484 0.999654293
1341846338.489894 -0.054000642 0.028729714 -0.026961755 0.004330719 -0.019233376 0.018347884 0.999637306
1341846338.522066 -0.052295268 0.026779586 -0.022241741 0.004761659 -0.019216968 0.018201342 0.999638319
1341846338.558058 -0.053887829 0.030638793 -0.020602528 0.004854587 -0.018822977 0.017062550 0.999665439
1341846338.589842 -0.051160153 0.029880291 -0.015603951 0.002412878 -0.019617165 0.016979953 0.999660432
1341846338.622019 -0.048233625 0.027028859 -0.008442163 0.002632536 -0.019032396 0.018297236 0.999647975
1341846338.657984 -0.051514871 0.031351328 -0.006761563 0.003779622 -0.018439678 0.019753857 0.999627650
1341846338.690198 -0.048233800 0.033458162 -0.001272194 0.002131411 -0.019723345 0.019439725 0.999614179
1341846338.722454 -0.046628561 0.029539106 0.003016749 0.000652777 -0.018821293 0.019371994 0.999634981
1341846338.757945 -0.050299577 0.032534570 0.000747885 0.001373039 -0.017929636 0.020760885 0.999622762
1341846338.790039 -0.047327559 0.032613244 0.007029479 -0.000820785 -0.020600010 0.022105712 0.999543071
1341846338.826048 -0.042458791 0.031220105 0.016328607 -0.000641824 -0.020865496 0.021204703 0.999557137
1341846338.858027 -0.043065965 0.033298250 0.017083196 -0.000242026 -0.018625166 0.019567681 0.999634981
1341846338.958108 -0.040557813 0.034378782 0.030747233 -0.003175833 -0.017377635 0.016856907 0.999701858
1341846338.990057 -0.038316380 0.032501254 0.032413598 -0.003190448 -0.017454632 0.017536830 0.999688745
1341846339.025928 -0.034842100 0.030971132 0.045272078 -0.001317343 -0.017405236 0.018524751 0.999676049
1341846339.057939 -0.034041621 0.033856042 0.049962740 0.002202036 -0.014931535 0.018054284 0.999723077
1341846339.093927 -0.038102586 0.037002344 0.047945976 0.001365751 -0.014340690 0.018496636 0.999725103
1341846339.126562 -0.034473330 0.038915489 0.050782360 -0.001684399 -0.016165992 0.018531689 0.999696136
1341846339.157969 -0.029452046 0.039322209 0.062572420 -0.003819326 -0.014259086 0.015999531 0.999763012
1341846339.194113 -0.032966387 0.040820275 0.061338495 -0.005509820 -0.012150951 0.016299587 0.999778152
1341846339.228165 -0.032296047 0.043680448 0.065661877 -0.008450986 -0.014289586 0.018697541 0.999687314
1341846339.257998 -0.026295569 0.041083202 0.072039060 -0.011800038 -0.015060330 0.020323841 0.999610364
1341846339.294132 -0.026676666 0.042730711 0.074083649 -0.011695154 -0.012217968 0.020994434 0.999636531
1341846339.326577 -0.032804500 0.050514165 0.069334835 -0.013500249 -0.011841412 0.021451870 0.999608576
1341846339.362269 -0.024524704 0.045916583 0.079722330 -0.019276695 -0.016427081 0.022244785 0.999431729
1341846339.394725 -0.021765113 0.045290869 0.082665712 -0.020361897 -0.014766634 0.021539573 0.999451518
1341846339.426160 -0.024163635 0.045908913 0.082158759 -0.021840042 -0.014287025 0.021878323 0.999419928
1341846339.530143 -0.015748670 0.044907868 0.097358420 -0.020082997 -0.009157878 0.019635195 0.999563515
1341846339.562052 -0.015600123 0.045647129 0.103912376 -0.019622065 -0.009381160 0.020767981 0.999547720
1341846339.595122 -0.009947263 0.043714032 0.106369883 -0.017809536 -0.009999299 0.021043435 0.999569893
1341846339.632085 -0.007801997 0.044372153 0.113564216 -0.016309826 -0.006638251 0.019107152 0.999662340
1341846339.664568 -0.008007927 0.044127777 0.115976088 -0.016049895 -0.003473095 0.016814599 0.999723792
1341846339.698896 -0.006670568 0.046469886 0.121964686 -0.015885230 -0.002386540 0.016008660 0.999742806
1341846339.731977 -0.004026418 0.043435827 0.124034524 -0.016044077 -0.002615301 0.014501193 0.999762714
1341846339.762241 -0.001986664 0.042507660 0.125946134 -0.015955590 -0.001479684 0.014086178 0.999772370
1341846339.797873 -0.002264729 0.041961752 0.129819229 -0.015785780 -0.000696244 0.014917213 0.999763846
1341846339.830245 -0.000548979 0.041640311 0.134725749 -0.016134944 -0.001663063 0.015544267 0.999747574
1341846339.862015 0.000358599 0.045351248 0.137836486 -0.016231023 -0.001528811 0.015767790 0.999742746
1341846339.897797 0.002806373 0.041885443 0.139810577 -0.017529741 -0.000690453 0.015174895 0.999730945
1341846339.929916 0.003725798 0.040158108 0.143607035 -0.018091228 0.000489602 0.016006876 0.999708116
1341846339.961960 0.004494781 0.038866393 0.146783918 -0.017254511 -0.000351011 0.017757850 0.999693334
1341846339.997845 0.006301983 0.042205341 0.151165947 -0.015137969 0.000208602 0.017980874 0.999723673
1341846340.029925 0.006962170 0.040896203 0.153465018 -0.014742810 0.002701102 0.019242415 0.999702513
1341846340.066044 0.009256320 0.040594630 0.156153142 -0.012724770 0.003691197 0.020492367 0.999702215
1341846340.098009 0.009296730 0.041306928 0.159565046 -0.011530986 0.004394244 0.021217594 0.999698699
1341846340.130102 0.010367724 0.041280959 0.162329361 -0.012196457 0.004003440 0.020952718 0.999698043
1341846340.166041 0.013202272 0.040161651 0.165338755 -0.011570173 0.005704500 0.019170294 0.999733031
1341846340.197867 0.011564294 0.037276201 0.163264781 -0.010854769 0.008638785 0.018688016 0.999729097
1341846340.229904 0.011051757 0.038245976 0.166259959 -0.011781675 0.008652942 0.019056970 0.999711514
1341846340.265859 0.014895426 0.036642212 0.169159949 -0.012742570 0.008881310 0.018655699 0.999705315
1341846340.298061 0.015100635 0.036593907 0.173497796 -0.010627266 0.011305693 0.018574616 0.999707043
1341846340.334063 0.013019172 0.039846141 0.174372807 -0.010699330 0.011306500 0.019577254 0.999687195
1341846340.366064 0.016571298 0.036606021 0.176509216 -0.013228514 0.008507613 0.020011207 0.999676049
1341846340.397995 0.019077143 0.036428750 0.178064615 -0.011285936 0.008629976 0.019542132 0.999708056
1341846340.433895 0.018495077 0.037135344 0.180254221 -0.010576527 0.008870407 0.019776119 0.999709129
1341846340.465959 0.018156111 0.036591101 0.179738507 -0.010085767 0.006721654 0.021372374 0.999698102
1341846340.501858 0.020832382 0.036561757 0.182614774 -0.009244852 0.002691167 0.021933965 0.999713063
1341846340.534329 0.022149377 0.036797393 0.182311073 -0.008700185 0.001138725 0.021609813 0.999727964
1341846340.566041 0.024713257 0.034950145 0.182109609 -0.007979274 -0.000147073 0.022138264 0.999723077
1341846340.601909 0.026339684 0.035104755 0.179966629 -0.005363147 -0.000887633 0.022829777 0.999724567
1341846340.634005 0.027427914 0.037043281 0.177815169 -0.004049583 -0.001445092 0.021694649 0.999755383
1341846340.666028 0.029855046 0.035265159 0.178589523 -0.004722316 -0.001607884 0.019920040 0.999789119
1341846340.701946 0.031645771 0.034440003 0.177953750 -0.003027596 -0.000492847 0.017949257 0.999834180
1341846340.733954 0.032385420 0.035917126 0.176636159 -0.001630624 0.001007616 0.016425299 0.999863267
1341846340.770081 0.032312222 0.036285859 0.175937027 -0.002331856 0.001767360 0.013769500 0.999900937
1341846340.801980 0.033642717 0.036106713 0.176451266 -0.002452065 0.002392451 0.008874102 0.999954760
1341846340.833999 0.033738587 0.037353426 0.175973967 -0.002238188 0.004963037 0.004576782 0.999974728
1341846340.870013 0.031900551 0.037217930 0.176307723 -0.003604971 0.005369554 0.002175145 0.999976695
1341846340.901955 0.033312358 0.035524156 0.175137803 -0.003128172 0.004773998 0.002137537 0.999981403
1341846340.933918 0.032587264 0.035387807 0.174038708 -0.001318387 0.004498838 0.004048081 0.999980807
1341846340.970122 0.031005019 0.036090858 0.173413575 0.000156255 0.002065628 0.008697383 0.999960005
1341846341.001922 0.030757125 0.034458064 0.171013117 0.000932960 -0.001987006 0.013863056 0.999901474
1341846341.037923 0.032380193 0.036086254 0.170161903 0.002782808 -0.005063560 0.017082362 0.999837399
1341846341.070300 0.032967005 0.034920353 0.169214696 0.002897075 -0.005923358 0.017204314 0.999830246
1341846341.102028 0.030674715 0.035657510 0.167522475 0.003152584 -0.006554604 0.017334757 0.999823332
1341846341.137982 0.031660214 0.034620568 0.165325284 0.002896180 -0.008683120 0.016891059 0.999815464
1341846341.170048 0.032884698 0.033692494 0.164506853 0.003084171 -0.009469749 0.018062180 0.999787271
1341846341.202110 0.032634735 0.033067904 0.163882062 0.004547924 -0.009859572 0.020010902 0.999740779
1341846341.237996 0.035503011 0.035176035 0.169028446 0.006675300 -0.010155730 0.020942813 0.999706805
1341846341.269883 0.032543804 0.033433475 0.162724584 0.007418681 -0.009098244 0.021320213 0.999703765
1341846341.306107 0.033102095 0.034787629 0.165908992 0.008393713 -0.009626187 0.020248601 0.999713421
1341846341.338109 0.033081703 0.032819357 0.161921516 0.008781722 -0.009477722 0.018648570 0.999742627
1341846341.370120 0.033449337 0.034850273 0.164805040 0.009871645 -0.007983988 0.015766054 0.999795079
1341846341.406074 0.031473905 0.032975934 0.161774099 0.009522690 -0.007371245 0.014822331 0.999817610
1341846341.438113 0.029784471 0.030328553 0.162470654 0.010062582 -0.008666704 0.015120974 0.999797463
1341846341.470024 0.031698160 0.031343963 0.160772979 0.013062260 -0.009559401 0.014113846 0.999769390
1341846341.538156 0.028312119 0.032319516 0.163216606 0.012470255 -0.009642554 0.012554926 0.999796927
1341846341.574016 0.029269893 0.031287525 0.160603344 0.013022501 -0.011930891 0.013348103 0.999754906
1341846341.612466 0.028393719 0.033122540 0.158717632 0.013959217 -0.012404037 0.014443358 0.999721289
1341846341.643972 0.028188951 0.034022965 0.157711640 0.013242695 -0.013867687 0.013288436 0.999727845
1341846341.679982 0.027815074 0.033452995 0.157008737 0.012891818 -0.015183919 0.013532231 0.999710023
1341846341.712332 0.025380371 0.033177041 0.156382367 0.013618435 -0.016849667 0.016038805 0.999636650
1341846341.744185 0.026624151 0.033502024 0.154919729 0.014070569 -0.019229198 0.018302709 0.999548554
1341846341.780061 0.026855610 0.033284619 0.153335661 0.014350960 -0.019788336 0.019638112 0.999508321
1341846341.812163 0.026785497 0.031906080 0.151976183 0.014315980 -0.020621879 0.021757703 0.999448061
1341846341.842595 0.028387748 0.032092813 0.154190347 0.016553177 -0.020904595 0.024510419 0.999343932
1341846341.875779 0.026885202 0.031083722 0.151881278 0.017993722 -0.020859374 0.027522178 0.999241531
1341846341.906227 0.028107462 0.028947925 0.151622295 0.019242495 -0.021725956 0.029734975 0.999136388
1341846341.942069 0.028095324 0.025396693 0.152417347 0.021761805 -0.021684462 0.031286184 0.999038219
1341846342.010161 0.026320294 0.027410820 0.150859818 0.026449587 -0.022609340 0.034258895 0.998807073
1341846342.042024 0.029748894 0.023527380 0.150161505 0.027146488 -0.024125945 0.034861673 0.998732030
1341846342.080032 0.030918911 0.025911998 0.149918377 0.029880667 -0.022059467 0.034763079 0.998705208
1341846342.112265 0.028826661 0.024268683 0.150780097 0.029903894 -0.020959264 0.036639564 0.998661160
1341846342.147954 0.029100809 0.021344336 0.150427312 0.031617071 -0.022326406 0.038798299 0.998497188
1341846342.179852 0.030570902 0.022362430 0.150258511 0.034791339 -0.022095142 0.040082410 0.998346031
1341846342.211848 0.030730870 0.022718310 0.149628237 0.035379235 -0.021533227 0.040641189 0.998315036
1341846342.247920 0.030656986 0.021425698 0.148955598 0.036289200 -0.021250723 0.038681395 0.998366296
1341846342.279870 0.031242393 0.021316614 0.145956337 0.037759088 -0.020839365 0.039175000 0.998301208
1341846342.316068 0.031148918 0.021663375 0.143714458 0.038997274 -0.020541161 0.040372636 0.998212039
1341846342.347894 0.031734798 0.022177629 0.144101799 0.039554160 -0.020677883 0.040391792 0.998186588
1341846342.379953 0.032617010 0.021640178 0.142171621 0.039615914 -0.020289425 0.040461432 0.998189270
1341846342.416195 0.031524248 0.021778015 0.142524317 0.040180471 -0.019789128 0.041440554 0.998136580
1341846342.447907 0.030472197 0.022244342 0.141467318 0.040523883 -0.020410702 0.042426351 0.998068750
