1341846314.925969 0.035816636 0.001275479 0.000381893 -0.003972106 0.079961523 0.020474562 0.996570110
1341846315.161941 0.043725096 0.005391580 -0.000769044 -0.009153766 0.083680704 0.027686207 0.996061087
1341846315.197984 0.043630194 0.004812821 -0.001761963 -0.016142193 0.081446968 0.025713963 0.996210337
1341846315.230076 0.054283541 0.004183375 -0.001055394 -0.020222183 0.077492043 0.020685466 0.996573210
1341846315.262069 0.044147477 0.004434844 -0.000592620 -0.022759758 0.078517519 0.021882122 0.996407807
1341846315.298000 0.045582790 0.003371230 0.000363931 -0.025627583 0.073783033 0.024818605 0.996631205
1341846315.329931 0.061180405 0.001679814 0.001492169 -0.023481276 0.068130150 0.026872452 0.997033179
1341846315.361981 0.057741608 0.001387657 0.000750597 -0.018306818 0.067954920 0.029072551 0.997096658
1341846315.397962 0.050523292 0.001762545 0.001841892 -0.014993443 0.069726579 0.033602837 0.996887326
1341846315.429923 0.051700722 0.002291645 0.002098884 -0.011930109 0.071185485 0.035211358 0.996770024
1341846315.466047 0.053216532 0.003727131 0.002311881 -0.010005810 0.074071407 0.036168024 0.996546626
1341846315.497883 0.053195022 0.003734194 0.002349241 -0.010825486 0.077410020 0.040414527 0.996121049
1341846315.530008 0.053770833 0.003320178 0.001395398 -0.011181137 0.078586578 0.041408591 0.995984197
1341846315.566108 0.054560136 0.003592034 0.000196719 -0.011856924 0.079596937 0.042898569 0.995833039
1341846315.597986 0.054479647 0.003125262 0.000962524 -0.012428959 0.081354998 0.042284288 0.995710254
1341846315.630109 0.054662473 0.002879153 0.000287341 -0.012412099 0.082524359 0.040917981 0.995671332
1341846315.666042 0.055543792 0.003880366 -0.001374410 -0.012599776 0.083567493 0.040412415 0.995602608
1341846315.698114 0.056179192 0.004678340 -0.002761163 -0.017454479 0.086678073 0.038863990 0.995324969
1341846315.733985 0.062835194 0.003253919 0.001149300 -0.020957388 0.088823110 0.038098831 0.995097876
1341846315.766041 0.061820444 0.003244902 -0.000199219 -0.020749662 0.087057434 0.039105937 0.995219171
1341846315.798188 0.063405126 0.003138434 -0.000308764 -0.021793436 0.085171744 0.039197363 0.995356441
1341846315.834140 0.054136299 0.001740056 0.000700349 -0.021554744 0.089895807 0.038390439 0.994977534
1341846315.866751 0.053372830 0.001678593 0.000314329 -0.019164756 0.091901474 0.037484035 0.994877756
1341846315.898492 0.052503437 0.001703922 0.000760776 -0.017905934 0.092922457 0.037188515 0.994817495
1341846315.936901 0.052335627 0.000420103 0.000398714 -0.015965598 0.094309211 0.036290038 0.994753182
1341846315.966572 0.050356235 0.000533657 -0.000006428 -0.012318644 0.096923873 0.034708105 0.994610190
1341846316.002119 0.049239356 0.000678123 0.000450114 -0.010324974 0.096976154 0.034173016 0.994646251
1341846316.034204 0.048496950 0.000497718 0.000789220 -0.008568783 0.097255595 0.033582307 0.994655848
1341846316.066113 0.056004073 -0.000235970 0.000815973 -0.006979770 0.095428944 0.033296205 0.994854748
1341846316.101867 0.053664375 0.000468936 0.000469059 -0.005201931 0.095478170 0.033767853 0.994845033
1341846316.134066 0.043253005 0.000892582 0.000841800 -0.005531873 0.095184140 0.032275807 0.994920909
1341846316.169952 0.042213794 -0.000346907 0.001261510 -0.006448146 0.093210384 0.029648826 0.995184004
1341846316.202049 0.040588327 -0.000790531 0.000910909 -0.006196448 0.091240905 0.027902920 0.995418608
1341846316.233979 0.040711194 -0.000532084 -0.000779028 -0.005590675 0.089187995 0.026690930 0.995641410
1341846316.270052 0.040040523 -0.000244830 -0.000126655 -0.006656355 0.090170085 0.023673872 0.995622694
1341846316.301915 0.038700886 -0.001367368 0.000980506 -0.006905178 0.091745101 0.022062475 0.995514154
1341846316.334208 0.036972791 -0.001441584 0.001649247 -0.005274381 0.091699287 0.022606391 0.995516121
1341846316.370006 0.035377081 -0.002344121 0.000404424 -0.003769760 0.090991840 0.022642143 0.995587111
1341846316.401994 0.034339823 -0.001988654 0.000672818 -0.001752438 0.090416327 0.024950687 0.995589972
1341846316.438069 0.033931319 -0.002974892 0.001283111 -0.000280452 0.089549325 0.027810130 0.995594025
1341846316.470076 0.031876236 -0.003560148 0.000760965 0.004068785 0.089963913 0.029888952 0.995488107
1341846316.502034 0.029587686 -0.001241839 -0.000591862 0.007420016 0.088272765 0.031604357 0.995567203
1341846316.537975 0.028501596 -0.001020586 -0.000644707 0.004992842 0.085420735 0.029731466 0.995888770
1341846316.570121 0.027486345 -0.002646887 0.000763595 0.003848527 0.085460141 0.027245020 0.995961607
1341846316.601885 0.026023321 -0.003036972 0.000906962 0.005810159 0.085269898 0.025647145 0.996010840
1341846316.638009 0.024319241 -0.003726435 0.000408653 0.007724338 0.084428795 0.026492292 0.996047318
1341846316.669925 0.023420447 -0.004108523 0.001686587 0.009980533 0.083754763 0.026702289 0.996078551
1341846316.705941 0.021969462 -0.005035886 0.000747557 0.013828376 0.084152162 0.026637565 0.996000826
1341846316.738062 0.020176342 -0.003925446 -0.000895796 0.016576745 0.084080286 0.030182222 0.995863795
1341846316.770433 0.019402750 -0.003269405 -0.000043175 0.015995456 0.082967669 0.031678338 0.995920181
1341846316.805932 0.018437238 -0.005109104 -0.000336063 0.015464706 0.082990490 0.030755442 0.995955586
1341846316.838029 0.015745100 -0.004385652 0.000546176 0.017320992 0.082777895 0.031002164 0.995935082
1341846316.870034 0.013142858 -0.004738364 0.001523757 0.017702911 0.080645300 0.031323340 0.996093273
1341846316.906344 0.012554463 -0.004803881 0.000885194 0.018665215 0.077102743 0.031438865 0.996352553
1341846316.937940 0.012070908 -0.004497706 0.000631912 0.018863518 0.075382978 0.029112075 0.996551096
1341846316.973994 0.010048394 -0.004457240 0.001269388 0.017946472 0.074453659 0.028274322 0.996662021
1341846317.005913 0.008791155 -0.004952788 0.000985895 0.016655840 0.071713455 0.029489076 0.996850133
1341846317.037936 0.007284102 -0.005320083 0.003094383 0.016965792 0.069774151 0.028517051 0.997010767
1341846317.073972 0.006820354 -0.005693026 0.002727333 0.017926998 0.067656130 0.029431714 0.997113347
1341846317.106113 0.005171892 -0.006511311 0.004198133 0.019979557 0.066469334 0.032585267 0.997056127
1341846317.137887 -0.000441585 -0.007161274 -0.000172882 0.022690080 0.063348122 0.034546096 0.997135282
1341846317.173970 0.000678580 -0.005538648 0.002276452 0.024991330 0.054615624 0.038690802 0.997444510
1341846317.205887 0.000701119 -0.005305106 0.004812626 0.025254790 0.051316798 0.039385684 0.997585893
1341846317.248131 -0.001572240 -0.006623687 0.003530692 0.025728414 0.049272183 0.041403770 0.997595131
1341846317.273950 -0.002640634 -0.006095896 0.003532710 0.027319483 0.045214627 0.043543141 0.997653902
1341846317.306289 -0.002452448 -0.005880119 0.004070577 0.027777303 0.042566217 0.045994274 0.997647762
1341846317.348137 -0.002785498 -0.006371696 0.004566098 0.028891018 0.043343928 0.047134340 0.997529447
1341846317.373974 -0.004724457 -0.005563247 0.004935402 0.030736934 0.044918191 0.050510708 0.997239351
1341846317.410120 -0.006166207 -0.005688998 0.004321338 0.031004300 0.043849733 0.052523788 0.997174621
1341846317.442569 -0.005298578 -0.007048244 0.007303744 0.033095334 0.043010134 0.055979759 0.996955931
1341846317.474010 -0.007865044 -0.007341370 0.005275046 0.038437642 0.044421893 0.058144338 0.996578395
1341846317.509927 -0.010773465 -0.005665940 0.005747024 0.042229690 0.043590240 0.060762767 0.996305406
1341846317.542282 -0.011341409 -0.005202519 0.005665190 0.041851744 0.040349454 0.062818721 0.996330380
1341846317.573943 -0.011556677 -0.006037573 0.006273841 0.041234832 0.041034896 0.061170358 0.996430695
1341846317.610159 -0.013731483 -0.007388021 0.005661266 0.042945430 0.043804329 0.061378803 0.996227622
1341846317.643553 -0.016093519 -0.006313102 0.006793535 0.046031941 0.044040788 0.064057134 0.995910704
1341846317.677993 -0.017624451 -0.006831929 0.008048338 0.046552218 0.040950000 0.065694459 0.995911777
1341846317.709996 -0.018137705 -0.007008941 0.007644757 0.049314596 0.038029339 0.066193253 0.995861590
1341846317.741834 -0.019895419 -0.005470073 0.006891624 0.049991753 0.037526798 0.065970682 0.995861650
1341846317.777923 -0.021871289 -0.005989126 0.007183507 0.047966674 0.036902502 0.064973578 0.996050119
1341846317.810021 -0.023173524 -0.006666875 0.006339566 0.047288615 0.035232436 0.063548915 0.996234953
1341846317.841886 -0.025145119 -0.005421314 0.005964305 0.047267403 0.034865554 0.060922522 0.996412873
1341846317.878017 -0.026995990 -0.005218511 0.007625412 0.044992641 0.035470303 0.056516193 0.996756434
1341846317.909910 -0.026771391 -0.006003613 0.008191777 0.043876600 0.036009498 0.054036357 0.996924400
1341846317.946031 -0.029382125 -0.006748298 0.006953941 0.044580705 0.037772156 0.054430947 0.996806443
1341846317.978041 -0.030897595 -0.007329511 0.007818461 0.046596900 0.036655676 0.055286355 0.996708870
1341846318.009897 -0.030906580 -0.006618537 0.009109223 0.049538821 0.036646679 0.053882044 0.996644199
1341846318.045949 -0.032625470 -0.006084434 0.008241931 0.049830556 0.038008019 0.052470092 0.996654034
1341846318.078074 -0.035893079 -0.007058082 0.007326303 0.048375081 0.037867371 0.051088259 0.996802866
1341846318.109894 -0.052898716 -0.007730407 0.010956667 0.048607808 0.040285069 0.049929705 0.996755481
1341846318.145957 -0.052744612 -0.007562241 0.010159958 0.047732022 0.037316918 0.046666771 0.997071385
1341846318.178001 -0.039958119 -0.006956211 0.007059440 0.046740625 0.032707311 0.042843446 0.997451782
1341846318.214074 -0.042105436 -0.007847159 0.009339258 0.047175068 0.031574253 0.042266581 0.997492433
1341846318.245970 -0.058372673 -0.010574345 0.012008466 0.049588252 0.032122165 0.045058064 0.997235656
1341846318.278018 -0.061159331 -0.010120599 0.011726012 0.053970754 0.028050993 0.044355463 0.997162402
1341846318.313937 -0.064301617 -0.010626485 0.008714311 0.055199053 0.023097705 0.043327607 0.997267425
1341846318.345989 -0.034551602 -0.008507689 0.005130573 0.056151345 0.005926531 0.040508177 0.997582555
1341846318.382046 -0.036014721 -0.008934886 0.002300398 0.057991650 -0.001030222 0.039520036 0.997533977
1341846318.414072 -0.069586076 -0.011478928 0.007960405 0.059919104 0.001388499 0.041793268 0.997326970
1341846318.446035 -0.070269339 -0.011901166 0.006727789 0.062064216 -0.005323617 0.042287260 0.997161746
1341846318.482196 -0.071258225 -0.010851857 0.007484165 0.063941762 -0.007192390 0.041234031 0.997075498
1341846318.514144 -0.072888538 -0.010968796 0.007509249 0.063894719 -0.008082473 0.042300075 0.997026980
1341846318.546259 -0.072870858 -0.012036803 0.007993723 0.064969368 -0.009460972 0.042105660 0.996953666
1341846318.582042 -0.043625947 -0.009114454 0.000407683 0.066072755 -0.017828207 0.040264837 0.996842682
1341846318.614115 -0.045831874 -0.008420541 0.002708381 0.066115335 -0.017661268 0.039317995 0.996880591
1341846318.650038 -0.046232589 -0.008326447 0.002463198 0.065661244 -0.018927665 0.036055569 0.997010708
1341846318.682350 -0.049157098 -0.007693764 0.002823218 0.065961592 -0.018102404 0.034495633 0.997061431
1341846318.714063 -0.051034726 -0.008230364 0.002542372 0.065128252 -0.018799402 0.034055643 0.997118413
1341846318.749905 -0.051822115 -0.008750885 0.003674689 0.065919973 -0.019095529 0.035829362 0.996998608
1341846318.782036 -0.055039357 -0.008584415 0.003262121 0.067733280 -0.018823182 0.037156094 0.996833622
1341846318.814121 -0.058883045 -0.008589966 0.002581022 0.067698464 -0.022258814 0.035329103 0.996831656
1341846318.850072 -0.060241252 -0.009051883 0.001733900 0.067851610 -0.028155822 0.032204755 0.996777952
1341846318.883516 -0.067849644 -0.012877616 -0.000255928 0.068899967 -0.032338984 0.031105833 0.996613920
1341846318.918047 -0.065216944 -0.007808524 0.002651121 0.075255387 -0.046454269 0.028894335 0.995662451
1341846318.950044 -0.067510098 -0.010691685 -0.000528038 0.075139143 -0.055513680 0.026786231 0.995266199
1341846318.982028 -0.069781184 -0.009589893 -0.001736486 0.077138022 -0.058672808 0.023057381 0.995025396
1341846319.018123 -0.077048764 -0.010482362 0.000000005 0.076290287 -0.060968660 0.022766886 0.994959414
1341846319.050745 -0.075510129 -0.013960812 0.001792766 0.075946726 -0.068238556 0.022224350 0.994525850
1341846319.081905 -0.071703218 -0.012035403 0.001131519 0.082380854 -0.070929095 0.020949032 0.993852913
1341846319.117976 -0.052424125 -0.008335097 0.000127616 0.085558593 -0.076064356 0.023846326 0.993139088
1341846319.150093 -0.079948857 -0.011467577 0.000567674 0.087310567 -0.071917795 0.032657649 0.993044853
1341846319.186069 -0.050553441 -0.005221938 0.004510818 0.090775020 -0.083818644 0.032486662 0.991805911
1341846319.218149 -0.049725153 -0.002475737 0.001478333 0.088225983 -0.079391234 0.030950557 0.992449105
1341846319.250034 -0.052122459 -0.002731982 0.002452934 0.082080103 -0.072776280 0.030184913 0.993506610
1341846319.286594 -0.056032889 -0.006305472 0.002118109 0.078564905 -0.068340272 0.034402583 0.993968606
1341846319.318034 -0.056425832 -0.005738243 0.003309466 0.079607323 -0.067971148 0.037547641 0.993797123
1341846319.350268 -0.059858367 -0.006075727 0.003135509 0.080274425 -0.066371314 0.043690074 0.993600547
1341846319.386163 -0.064379983 -0.005723588 0.003597531 0.082597040 -0.069335997 0.051374625 0.992839813
1341846319.418386 -0.058781400 -0.006377571 -0.000772594 0.082726315 -0.076997086 0.053078424 0.992174625
1341846319.453961 -0.049697414 -0.004492062 -0.001489939 0.083577223 -0.082120165 0.048361309 0.991933644
1341846319.486271 -0.065258577 -0.006000173 -0.000558413 0.083079338 -0.076866910 0.046319548 0.992493749
1341846319.518456 -0.062154107 -0.002454617 -0.005683485 0.080338970 -0.081460536 0.048207860 0.992263019
1341846319.554083 -0.066685893 -0.007572396 0.000131543 0.077001669 -0.083374217 0.045456409 0.992498457
1341846319.586296 -0.069412448 -0.007188675 0.000460001 0.077643409 -0.082120545 0.041761726 0.992715299
1341846319.622031 -0.072951593 -0.006707171 -0.000971766 0.076558195 -0.084157087 0.038303446 0.992768526
1341846319.653962 -0.074284926 -0.007816576 0.000563268 0.075402156 -0.089113474 0.037128288 0.992469072
1341846319.686352 -0.076318018 -0.008332390 0.002328764 0.077126227 -0.092770830 0.038559649 0.991946757
1341846319.721992 -0.076906927 -0.006875360 -0.001176720 0.078197725 -0.096641868 0.039342985 0.991462350
1341846319.754063 -0.076634116 -0.005562469 -0.001419932 0.075287290 -0.099574678 0.039246716 0.991401255
1341846319.786397 -0.079003304 -0.005667013 0.000494496 0.071209304 -0.099123441 0.042928595 0.991595149
1341846319.822008 -0.080657162 -0.004816469 -0.002493892 0.067838408 -0.099277332 0.047455221 0.991609812
1341846319.853917 -0.080494314 -0.005084289 -0.002355146 0.062814459 -0.100716524 0.051594656 0.991588891
1341846319.889942 -0.084184304 -0.006885472 -0.001570201 0.059138246 -0.100065313 0.056345843 0.991622269
1341846319.922039 -0.085965350 -0.007715186 -0.003383931 0.058562119 -0.103613205 0.057661518 0.991216421
1341846319.953946 -0.078642093 -0.007668952 -0.002012862 0.059173260 -0.112165309 0.054076049 0.990451038
1341846319.990054 -0.085833728 -0.007796327 -0.000669356 0.062030934 -0.113532163 0.047161091 0.990473866
1341846320.028122 -0.089517877 -0.008626830 -0.002086561 0.063733719 -0.115363225 0.045539066 0.990230083
1341846320.054177 -0.087511167 -0.008018898 -0.000216702 0.067389205 -0.122505955 0.046570204 0.989081502
1341846320.090047 -0.075914517 -0.006222273 -0.000380533 0.069748141 -0.127449006 0.045769133 0.988330483
1341846320.122011 -0.073528811 -0.006165736 -0.001198988 0.070325546 -0.125965104 0.046757810 0.988433540
1341846320.157952 -0.072177991 -0.006279205 0.000749027 0.070622854 -0.123702280 0.047672223 0.988654435
1341846320.190003 -0.068568222 -0.008108908 0.003400026 0.072677054 -0.121647961 0.045770075 0.988850355
1341846320.221941 -0.067940578 -0.008255061 0.002801044 0.076798104 -0.118154541 0.046834860 0.988912582
1341846320.258015 -0.066133477 -0.008908776 0.004049715 0.080664314 -0.117813885 0.049794637 0.988500714
1341846320.289887 -0.064383283 -0.011895755 0.004409276 0.084816717 -0.119046085 0.050471239 0.987971067
1341846320.321954 -0.060070299 -0.011903442 0.004399345 0.093598776 -0.121705577 0.049769748 0.986889064
1341846320.357890 -0.058303684 -0.009352635 0.004004295 0.100125290 -0.121933401 0.052119229 0.986098766
1341846320.390064 -0.054627255 -0.008919718 0.008187547 0.101976492 -0.119513884 0.052054957 0.986208677
1341846320.426544 -0.055851132 -0.008335430 0.008166911 0.104783125 -0.111752123 0.049126733 0.986974418
1341846320.458122 -0.049209334 -0.009346515 0.010380989 0.105881251 -0.105575763 0.045061391 0.987730920
1341846320.490186 -0.044032726 -0.010763510 0.010699476 0.108428806 -0.100312971 0.045944408 0.987962365
1341846320.525911 -0.043833066 -0.010187924 0.009391329 0.112342127 -0.092014521 0.044122193 0.988415837
1341846320.558091 -0.042369943 -0.010020444 0.006706868 0.113303468 -0.087741345 0.039749116 0.988880098
1341846320.594093 -0.043240622 -0.010171611 0.006869668 0.114131875 -0.082742445 0.036732432 0.989332259
1341846320.631955 -0.043439262 -0.008745948 0.008167055 0.117662348 -0.074239306 0.036059354 0.989618003
1341846320.664916 -0.035208490 -0.009291174 0.008848729 0.117655024 -0.074084617 0.034200676 0.989696503
1341846320.699927 -0.030622380 -0.010628742 0.010241597 0.117209926 -0.072066799 0.032321990 0.989961386
1341846320.731822 -0.028009418 -0.009466954 0.011278494 0.119835578 -0.066150367 0.031532820 0.990085483
1341846320.763877 -0.031372301 -0.003874023 0.008073787 0.119384028 -0.062641077 0.031265598 0.990376711
1341846320.799999 -0.026534325 -0.009233893 0.007492275 0.109846853 -0.065728031 0.027095785 0.991402686
1341846320.831871 -0.013114560 -0.009582106 0.012577387 0.112132877 -0.060416661 0.023915702 0.991566479
1341846320.863887 -0.037646774 -0.005567418 0.004949084 0.111706212 -0.041925400 0.024911610 0.992543876
1341846320.900014 -0.022654589 -0.008995251 0.006535672 0.103400595 -0.050981987 0.028876120 0.992912591
1341846320.931889 -0.030637188 -0.011971937 0.004757256 0.103294931 -0.048379276 0.028581373 0.993062317
1341846320.967866 -0.030471493 -0.006399687 0.003691911 0.104649000 -0.042793944 0.025787964 0.993253350
1341846321.000017 -0.031684715 -0.008692978 0.001043057 0.097328968 -0.041593686 0.023897482 0.994095564
1341846321.031860 -0.028316773 -0.011041733 0.001081377 0.094458573 -0.041807778 0.021946583 0.994408369
1341846321.068047 -0.026090782 -0.008968819 0.001282705 0.095636956 -0.038760640 0.019507878 0.994470060
1341846321.099840 -0.025537938 -0.009862261 0.000431909 0.092837892 -0.037173234 0.020149846 0.994783044
1341846321.131821 -0.020724067 -0.012025362 0.002071319 0.092436947 -0.037114091 0.021105127 0.994802773
1341846321.167887 -0.033527803 -0.010192357 0.003862739 0.096756890 -0.029302709 0.022687541 0.994617879
1341846321.200042 -0.032739270 -0.009199453 0.003019264 0.097339548 -0.026718145 0.022285322 0.994642913
1341846321.231950 -0.030665211 -0.010705062 0.002712372 0.096097477 -0.026138946 0.021048894 0.994805992
1341846321.267939 -0.026352439 -0.009127059 0.002666365 0.097175963 -0.025306500 0.016276741 0.994812250
1341846321.299948 -0.024121055 -0.010086400 0.003174813 0.095413968 -0.021233331 0.010476599 0.995156050
1341846321.331858 -0.024236064 -0.010766872 0.003827237 0.095422834 -0.017761717 0.006325742 0.995258212
1341846321.367913 -0.019537892 -0.012102704 0.003548903 0.096348062 -0.016583120 0.001882158 0.995207787
1341846321.399897 -0.018612387 -0.011143154 0.003734756 0.098640092 -0.011357090 0.000913095 0.995057940
1341846321.435994 -0.017844275 -0.012403873 0.004383574 0.099675298 -0.007813431 0.000376476 0.994989276
1341846321.467946 -0.015682535 -0.011904734 0.004775195 0.101799242 -0.005701539 0.000938078 0.994788170
1341846321.499882 -0.012405589 -0.011663239 0.005174632 0.103297912 -0.003642236 0.001555965 0.994642556
1341846321.536109 -0.045639306 -0.013115140 0.009086223 0.103148215 0.011576466 0.000607759 0.994598448
1341846321.568960 -0.010206275 -0.008697219 0.004087775 0.100565344 0.008060657 -0.003006340 0.994893253
1341846321.603938 -0.007300308 -0.009722153 0.005208146 0.097049586 0.009653158 -0.003307291 0.995227218
1341846321.637163 -0.001910505 -0.008959963 0.000524963 0.094212487 0.013014295 -0.003608515 0.995460510
1341846321.668306 -0.003832994 -0.008027909 0.004532616 0.090357214 0.023055961 -0.001277736 0.995641649
1341846321.704411 -0.004810079 -0.008275797 0.007739106 0.087425634 0.024761504 0.006787214 0.995840132
1341846321.736861 -0.017477920 -0.007513179 0.009827923 0.086848535 0.025736198 0.016444940 0.995753229
1341846321.771881 0.001035018 -0.004522922 0.007390818 0.085023053 0.020516470 0.020343622 0.995959938
1341846321.804114 -0.012061059 -0.005124949 0.009203304 0.080744959 0.026407182 0.024467262 0.996084452
1341846321.836152 -0.011858962 -0.003275771 0.009895607 0.078610614 0.028845236 0.024948398 0.996175647
1341846321.871882 -0.011144738 -0.000749358 0.009190888 0.074292772 0.030017512 0.022494076 0.996530771
1341846321.904074 -0.009027869 -0.001589621 0.010142059 0.067579262 0.030530026 0.019811451 0.997049868
1341846321.939847 -0.008559348 -0.002408151 0.010879532 0.063273683 0.033746995 0.016806023 0.997283876
1341846322.004094 -0.009980012 -0.003285482 0.010896394 0.056070313 0.032437358 0.015772896 0.997775078
1341846322.034203 -0.006096498 -0.004182511 0.010365237 0.053910058 0.031644851 0.015554483 0.997923076
1341846322.066178 -0.006480774 -0.004601753 0.010738698 0.050978828 0.036387525 0.012674692 0.997956157
1341846322.107979 -0.007010231 -0.007996498 0.011264873 0.047552451 0.038554087 0.011564273 0.998057425
1341846322.133980 -0.006941404 -0.011975326 0.010650743 0.047792781 0.039235577 0.009297198 0.998043120
1341846322.166164 -0.007920727 -0.012688712 0.011393681 0.050013687 0.038720164 0.011018216 0.997936845
1341846322.202932 -0.006938887 -0.013904397 0.010085704 0.050884731 0.035877950 0.011755016 0.997990608
1341846322.234093 -0.009714337 -0.012428273 0.010475909 0.050481331 0.035284270 0.009874037 0.998052716
1341846322.265941 -0.009825379 -0.014613047 0.010561626 0.047540866 0.032405727 0.010099489 0.998292387
1341846322.301996 -0.008458978 -0.017442055 0.011023054 0.045270510 0.030228218 0.010967818 0.998457074
1341846322.333949 -0.010926329 -0.020048577 0.010540111 0.043935295 0.029542876 0.010607766 0.998541117
1341846322.369871 -0.008457894 -0.023302900 0.010267148 0.043911517 0.023044342 0.007571303 0.998740911
1341846322.402292 -0.005601240 -0.025923818 0.010510993 0.045341652 0.023312567 0.001491157 0.998698413
1341846322.433955 -0.008360361 -0.032135099 0.011294751 0.048233390 0.025787730 -0.002619072 0.998499751
1341846322.470030 -0.008994720 -0.034398261 0.010767776 0.056379363 0.022203995 -0.000192728 0.998162448
1341846322.502433 -0.006612442 -0.038616091 0.009851464 0.061031971 0.018034998 0.003264164 0.997967541
1341846322.534002 -0.004774304 -0.041492540 0.009001580 0.068908498 0.016910883 0.005241688 0.997465909
1341846322.570196 -0.005898514 -0.043882549 0.010374349 0.078786857 0.017370880 0.006051763 0.996721804
1341846322.601920 -0.007191036 -0.045269132 0.009585761 0.083772689 0.014911338 0.009591660 0.996327162
1341846322.638119 -0.003384392 -0.048862979 0.010152925 0.088348188 0.009919471 0.009614573 0.995993853
1341846322.669947 -0.001437736 -0.049264126 0.010774503 0.093643673 0.012436400 0.008349438 0.995493114
1341846322.702026 -0.005238350 -0.043356754 0.010953211 0.098820500 0.015793808 0.010093087 0.994928718
1341846322.738006 -0.003301981 -0.051711716 0.010304196 0.097729258 0.012285223 0.011816239 0.995067060
1341846322.770087 -0.002729617 -0.047641728 0.010491942 0.099056676 0.012874434 0.012175650 0.994924009
1341846322.806047 -0.004971437 -0.049918182 0.011704226 0.102491274 0.013654780 0.013481321 0.994548798
1341846322.838063 -0.006394846 -0.051059570 0.010535003 0.104457892 0.010050989 0.014937901 0.994366288
1341846322.870081 -0.004492369 -0.053836085 0.012383863 0.105917759 0.004075766 0.015970457 0.994238257
1341846322.906018 -0.001704560 -0.055427078 0.011379632 0.110479049 0.001312310 0.016341230 0.993743241
1341846322.938349 -0.002095371 -0.052406523 0.011444050 0.112144046 0.002526505 0.017648626 0.993532002
1341846322.970069 -0.001438409 -0.053687833 0.011003921 0.107022822 0.002027292 0.018994417 0.994073033
1341846323.011820 -0.000690874 -0.056797724 0.011562658 0.103715047 0.002161979 0.019605316 0.994411469
1341846323.038050 -0.001362314 -0.057674754 0.011611214 0.103197947 0.002740930 0.021533692 0.994423926
1341846323.073951 -0.000789567 -0.057093907 0.012169974 0.101095006 0.001848607 0.024085248 0.994583488
1341846323.105962 -0.000397158 -0.060830195 0.011785111 0.097073734 0.001869922 0.023900904 0.994988441
1341846323.138158 -0.000611691 -0.062192105 0.012519375 0.097598828 0.002014334 0.019744007 0.995027959
1341846323.174092 -0.001045509 -0.060687587 0.012631677 0.096190870 0.001617798 0.019223647 0.995175958
1341846323.206059 0.003863185 -0.044779465 0.012268663 0.097781569 -0.000596787 0.017383788 0.995055914
1341846323.238053 0.001492421 -0.062636413 0.012576274 0.090432927 0.003064033 0.015062802 0.995783925
1341846323.273997 -0.001891270 -0.062451176 0.011641277 0.086498566 0.004967730 0.015365661 0.996121109
1341846323.305946 0.002288692 -0.046837546 0.013155505 0.085857913 -0.000549185 0.017034750 0.996161640
1341846323.342027 0.007250995 -0.050604798 0.013754308 0.082752667 -0.000818368 0.015063970 0.996455908
1341846323.374048 0.002917234 -0.052152090 0.013578561 0.082977168 0.004571516 0.016411688 0.996405840
1341846323.405987 -0.000059019 -0.053657968 0.012526011 0.082635678 0.001590644 0.021564843 0.996345222
1341846323.441956 0.003504579 -0.056264304 0.012385812 0.083183445 -0.004155343 0.023604833 0.996245980
1341846323.473878 0.004254108 -0.058547735 0.013506494 0.086916596 -0.002910126 0.022182541 0.995964348
1341846323.506129 0.002959372 -0.057524361 0.012412246 0.089894094 -0.002437474 0.019562684 0.995756209
1341846323.541972 0.005173843 -0.057969891 0.011509522 0.088179454 -0.003405737 0.017544616 0.995944262
1341846323.573913 0.007729313 -0.061322343 0.010571945 0.086683549 -0.000110087 0.011786366 0.996166170
1341846323.609927 0.006239874 -0.061229683 0.012446840 0.087637998 0.006677885 0.008187890 0.996096373
1341846323.642014 0.003840581 -0.064126357 0.011500635 0.085527092 0.009234288 0.008797591 0.996254206
1341846323.674081 0.003508988 -0.057295926 0.012272027 0.088090412 0.007502313 0.011316625 0.996019900
1341846323.710069 0.003777342 -0.068308085 0.011535537 0.086291313 0.006047564 0.015500747 0.996131003
1341846323.742111 0.003215752 -0.070581779 0.011683417 0.090493396 0.004504261 0.016185913 0.995755315
1341846323.774928 0.003821181 -0.062054183 0.011618124 0.096856691 0.001942050 0.013552325 0.995204151
1341846323.810012 0.004293076 -0.063287534 0.011260150 0.097933874 0.000613760 0.009925776 0.995143235
1341846323.842207 0.004508508 -0.064313367 0.010755658 0.099169046 0.000736809 0.004580561 0.995059788
1341846323.878019 0.003017968 -0.066482738 0.010584405 0.099521622 0.000626239 0.000271303 0.995035172
1341846323.909826 0.003958445 -0.069185995 0.010514502 0.101974599 -0.001498449 -0.003881425 0.994778335
1341846323.942459 0.002926222 -0.068858013 0.010787817 0.106277324 -0.001159340 -0.004620709 0.994325101
1341846323.978055 0.001618398 -0.070420936 0.010224198 0.108036153 -0.003339874 -0.003103668 0.994136512
1341846324.015934 0.003512362 -0.070953757 0.009942792 0.111728080 -0.006409337 -0.003022481 0.993713558
1341846324.047722 0.003842742 -0.069392145 0.010064784 0.115665093 -0.004834863 -0.004009496 0.993268430
1341846324.083904 0.004121943 -0.067014970 0.009618387 0.116372168 -0.003642263 -0.004282099 0.993189752
1341846324.115968 0.005036246 -0.072498217 0.008863830 0.112183012 -0.002166414 -0.005972225 0.993667245
1341846324.151967 0.004806401 -0.062393390 0.010618102 0.114965700 0.000629285 -0.009785645 0.993321061
1341846324.219984 0.003345294 -0.061039854 0.010719720 0.107935347 0.007338380 -0.012611328 0.994050801
1341846324.251968 0.003027631 -0.061409894 0.011096176 0.107005127 0.007501445 -0.013167725 0.994142950
1341846324.284052 0.001569284 -0.056790520 0.012565031 0.108880475 0.007275815 -0.013566576 0.993935645
1341846324.319880 0.000869938 -0.053910471 0.012207711 0.108265735 0.004289440 -0.013908249 0.994015455
1341846324.351917 0.001776226 -0.051360603 0.012307069 0.105260968 0.000260409 -0.014827034 0.994334042
1341846324.388001 0.003420347 -0.050010256 0.010966895 0.100960396 -0.000375320 -0.018377140 0.994720638
1341846324.452027 0.001970530 -0.054834753 0.011776555 0.089573607 0.002758831 -0.021628566 0.995741546
1341846324.487928 0.001452446 -0.054121323 0.011982123 0.088075481 0.002542671 -0.019771107 0.995914340
1341846324.519985 -0.000194829 -0.051761098 0.012387822 0.087215997 0.001133579 -0.015122002 0.996074021
1341846324.556001 -0.000285184 -0.048618462 0.011748408 0.086061150 -0.003975639 -0.011211826 0.996218860
1341846324.587888 0.000385322 -0.046198089 0.011860345 0.083020687 -0.007456172 -0.008330373 0.996485114
1341846324.655955 0.000852230 -0.042724863 0.012724798 0.080200657 -0.011254434 -0.012562086 0.996636033
1341846324.688082 0.000517066 -0.042159002 0.013131069 0.079417460 -0.010880654 -0.011466482 0.996716142
1341846324.755922 -0.001781361 -0.036158066 0.013437826 0.081854515 -0.013197919 -0.007818988 0.996526241
1341846324.782029 -0.001885528 -0.033684533 0.014244532 0.080261916 -0.018041518 -0.008416312 0.996574998
1341846324.814016 0.001412079 -0.029811867 0.012622934 0.077998035 -0.020585936 -0.009998172 0.996690810
1341846324.849979 -0.004688621 -0.042614706 0.014191259 0.068376698 -0.015396067 -0.012548006 0.997461855
1341846324.913902 -0.005910802 -0.040118717 0.015010912 0.064774252 -0.017504955 -0.010256869 0.997693658
1341846324.949999 -0.006580716 -0.040423125 0.015825959 0.064888500 -0.017245380 -0.007452090 0.997715652
1341846324.981922 -0.008897558 -0.039803341 0.016073221 0.069308795 -0.018734569 -0.004121091 0.997410834
1341846325.018013 -0.009053661 -0.037434243 0.015950628 0.074214853 -0.023923753 -0.001749146 0.996953726
1341846325.050079 -0.009394391 -0.034777418 0.015001327 0.076523192 -0.028629806 -0.002187156 0.996654332
1341846325.118531 -0.005955519 -0.028643893 0.014377743 0.072623372 -0.037584405 -0.005690604 0.996634781
1341846325.149933 -0.006721349 -0.028671574 0.014924133 0.066640250 -0.034861997 -0.007853827 0.997136891
1341846325.181925 -0.007570673 -0.027646862 0.015259755 0.063570239 -0.033363998 -0.005822485 0.997402489
1341846325.218055 -0.007786074 -0.026394352 0.015571080 0.060897999 -0.033101950 -0.001516219 0.997593820
1341846325.249811 -0.008462356 -0.025752913 0.015733374 0.058938116 -0.032842364 0.001682523 0.997719824
1341846325.285925 -0.007628261 -0.023561655 0.015866444 0.056743015 -0.033953153 0.004959940 0.997798979
1341846325.349844 -0.006605475 -0.024791522 0.018881289 0.056711331 -0.027253941 0.009902772 0.997969449
1341846325.387302 -0.006249066 -0.022871830 0.018726047 0.061809335 -0.024847640 0.012940845 0.997694731
1341846325.417931 -0.004401077 -0.020688066 0.018658960 0.065165266 -0.020615872 0.015749587 0.997537196
1341846325.450747 -0.001634543 -0.023671309 0.019589327 0.068388835 -0.013992149 0.018346859 0.997391880
1341846325.485954 -0.006225309 -0.019201212 0.019358654 0.078335308 -0.004909328 0.020583425 0.996702492
1341846325.517875 -0.006346676 -0.017305080 0.019398041 0.082460858 -0.002428413 0.023060186 0.996324539
1341846325.585855 -0.006927063 -0.013261863 0.019254195 0.088698007 0.004417474 0.021297345 0.995821059
1341846325.617990 -0.007005660 -0.009526250 0.019219233 0.086579010 0.006059708 0.020451473 0.996016622
1341846325.653982 -0.007599286 -0.012232704 0.020383203 0.082581304 0.008177147 0.017219242 0.996402025
1341846325.717857 -0.008776705 -0.009936761 0.021129446 0.092876196 0.011010974 0.024965089 0.995303750
1341846325.754083 -0.009070590 -0.009994921 0.021460289 0.095605351 0.011016592 0.029377952 0.994924724
1341846325.786087 -0.008259062 -0.009269196 0.021340443 0.101925492 0.011061921 0.031047234 0.994245946
1341846325.821856 -0.008724055 -0.005545756 0.021553492 0.107208945 0.013249343 0.032434393 0.993619025
1341846325.885958 -0.011561617 -0.002122941 0.021807518 0.109014578 0.011927760 0.041761700 0.993090868
1341846325.921984 -0.010345588 -0.001469803 0.022607829 0.107961409 0.007313933 0.046557851 0.993037403
1341846325.953899 -0.007208124 -0.002700231 0.023562502 0.110283345 0.006516139 0.048252117 0.992706835
1341846325.985823 -0.009131845 0.000886968 0.023512674 0.114071481 0.010055154 0.052366804 0.992040515
1341846326.054055 -0.008469176 0.001838523 0.024952570 0.121872909 0.009332385 0.061720427 0.990580916
1341846326.089984 -0.007046178 0.005086944 0.025151081 0.125260919 0.010486836 0.061365843 0.990168631
1341846326.121822 -0.008175092 0.005862206 0.024603248 0.124764360 0.015120872 0.059098985 0.990309298
1341846326.154079 -0.008968411 0.005991363 0.025121698 0.125027850 0.017906485 0.057848565 0.990303457
1341846326.222162 -0.010354448 0.010921764 0.025825268 0.127867296 0.015992638 0.065818079 0.989475727
1341846326.259181 -0.010335613 0.013144012 0.026163863 0.125023276 0.013092909 0.070001945 0.989594638
1341846326.291222 -0.009640217 0.014871848 0.026656916 0.121737525 0.011904405 0.070418902 0.989989638
1341846326.322766 -0.009353569 0.016753020 0.027075808 0.117928177 0.012296924 0.069067828 0.990540981
1341846326.359773 -0.009211016 0.018044136 0.027665365 0.114182703 0.013707341 0.067126885 0.991094589
1341846326.392109 -0.008948664 0.017181696 0.028895460 0.112350620 0.015508060 0.067517981 0.991250813
1341846326.459869 -0.010874324 0.020901289 0.029204482 0.119642809 0.014470346 0.076355599 0.989770710
1341846326.491143 -0.009164719 0.022292664 0.029712090 0.120605342 0.012585938 0.076331526 0.989681542
1341846326.526163 -0.008616472 0.026356004 0.029961368 0.120665409 0.015109639 0.075730354 0.989685059
1341846326.560211 -0.009120118 0.028327029 0.031444471 0.115901373 0.019302392 0.076580860 0.990116000
1341846326.591828 -0.009390082 0.028828304 0.031200925 0.112573013 0.021300480 0.077705592 0.990371406
1341846326.658442 -0.008268171 0.033990122 0.031845748 0.111321546 0.026043840 0.075723849 0.990552962
1341846326.694856 -0.009731147 0.035577018 0.032756194 0.107771181 0.030136833 0.076491475 0.990770519
1341846326.726206 -0.002310420 0.027500220 0.027296549 0.098478764 0.029252887 0.072927408 0.992032170
1341846326.762753 -0.009031164 0.039951149 0.033227101 0.096712857 0.033296142 0.071876943 0.992155075
1341846326.794046 -0.002050723 0.032400064 0.028862152 0.086741790 0.035192106 0.067602478 0.993311286
1341846326.826821 -0.002592924 0.035148785 0.029276203 0.078969091 0.037818946 0.065574095 0.993998826
1341846326.858887 -0.002589025 0.035872757 0.028641399 0.070530258 0.039120257 0.064307928 0.994665563
1341846326.895360 -0.003665378 0.035497513 0.028803673 0.067911878 0.039299779 0.065764971 0.994745433
1341846326.926897 -0.004329130 0.036413353 0.029578868 0.069882862 0.035741568 0.067619793 0.994618773
1341846326.958888 -0.003013486 0.038745277 0.029164199 0.073088326 0.032605492 0.070901901 0.994267523
1341846326.994594 -0.002654718 0.041171674 0.029170871 0.074307039 0.032815281 0.073582605 0.993975461
1341846327.026301 -0.002611129 0.043949295 0.028963888 0.072930209 0.034040391 0.072955795 0.994082451
1341846327.063945 -0.002028405 0.044471916 0.031182708 0.069528162 0.036150001 0.070604384 0.994421482
1341846327.094662 -0.002428569 0.046563696 0.032150529 0.069821052 0.038916688 0.067184314 0.994533479
1341846327.128901 -0.002761565 0.047868814 0.032475345 0.069081143 0.039323814 0.065875851 0.994656622
1341846327.161940 -0.002936633 0.050216760 0.032368403 0.068295375 0.038040366 0.065708622 0.994771838
1341846327.193867 -0.001650678 0.051155105 0.032237876 0.067291133 0.038620997 0.064407252 0.994903028
1341846327.229885 -0.000702079 0.053712703 0.032967221 0.069090784 0.041276146 0.063234180 0.994748294
1341846327.262014 0.000138327 0.055804249 0.033660781 0.068740927 0.045022294 0.060203630 0.994798064
1341846327.294023 0.002469826 0.054903474 0.035128485 0.070327461 0.053417053 0.057798717 0.994414389
1341846327.330015 0.002873816 0.057934266 0.034885939 0.074802332 0.065032549 0.054831661 0.993563712
1341846327.361939 -0.000436451 0.052609574 0.033607945 0.069852620 0.073608071 0.047298163 0.993712902
1341846327.393887 -0.000660191 0.053384878 0.034084994 0.067997716 0.076112285 0.040362403 0.993958831
1341846327.429966 -0.001467754 0.056393299 0.034806609 0.066881992 0.076690920 0.038437530 0.994066358
1341846327.461965 -0.002812052 0.061063785 0.034628578 0.059971608 0.072022922 0.040320255 0.994781554
1341846327.497931 -0.001699683 0.061244819 0.034315597 0.055010270 0.069392048 0.038545832 0.995325506
1341846327.530068 -0.002479502 0.062671177 0.033769693 0.053327266 0.070826873 0.039596383 0.995274782
1341846327.561895 -0.003439501 0.064221576 0.034835998 0.051911417 0.069059588 0.043846499 0.995295644
1341846327.598010 -0.003665948 0.065421179 0.035083778 0.053441308 0.065835893 0.048860542 0.995199621
1341846327.629945 -0.004066191 0.075476766 0.038005196 0.057802692 0.061633963 0.050097112 0.995163500
1341846327.662003 -0.004346669 0.075581998 0.037324008 0.056162871 0.058076777 0.046159297 0.995661676
1341846327.697919 -0.003624266 0.078067906 0.037361700 0.059272557 0.056676697 0.045356527 0.995598972
1341846327.730075 -0.004129584 0.081900366 0.037872363 0.056910172 0.055882685 0.047259014 0.995693207
1341846327.766017 -0.004258836 0.083045311 0.038125791 0.052022610 0.055110969 0.048729207 0.995932639
1341846327.797917 -0.004707120 0.086285017 0.037903570 0.048442416 0.055025909 0.050285280 0.996040583
1341846327.830054 -0.004683712 0.087671071 0.038354728 0.042365015 0.054376274 0.050978277 0.996318042
1341846327.865944 -0.003933178 0.089657351 0.038032569 0.038828395 0.054689616 0.052184120 0.996382594
1341846327.898010 -0.004573195 0.090532064 0.039795909 0.036307678 0.056507871 0.052850790 0.996340990
1341846327.929991 -0.004762779 0.092584185 0.039468281 0.032662410 0.054677647 0.051773954 0.996625781
1341846327.966065 -0.004315678 0.079613380 0.036477935 0.023802770 0.055078395 0.048240654 0.997031927
1341846327.998073 -0.004668353 0.095597267 0.039304242 0.022208529 0.055766445 0.046594635 0.997108757
1341846328.034045 -0.004082853 0.082397901 0.036023039 0.011812660 0.056865390 0.043691896 0.997355402
1341846328.065993 -0.004867571 0.082554594 0.036672994 0.006753022 0.058091853 0.044622589 0.997290611
1341846328.098045 -0.004649352 0.081556097 0.037237976 0.005103765 0.058732197 0.045299791 0.997232378
1341846328.133967 -0.004883063 0.080935635 0.036953133 0.007858297 0.057835720 0.047722086 0.997153878
1341846328.166023 -0.004725754 0.080553450 0.036642563 0.007488509 0.054710466 0.048908692 0.997275591
1341846328.198018 -0.004934555 0.078416944 0.036165882 0.006045523 0.052093584 0.046605963 0.997535765
1341846328.234044 -0.004766472 0.077115946 0.035952147 0.008787002 0.050452828 0.045112133 0.997668386
1341846328.265899 -0.004634730 0.074269488 0.035440676 0.009318945 0.048657909 0.045191951 0.997749090
1341846328.302051 -0.004654981 0.070711896 0.034331918 0.009911658 0.048667386 0.044537425 0.997772336
1341846328.333917 -0.004670909 0.067777842 0.034255974 0.012599427 0.048939772 0.046650454 0.997632146
1341846328.366008 -0.004990984 0.064237706 0.033912089 0.016293807 0.048596550 0.043691803 0.997729421
1341846328.402010 -0.003860130 0.059180234 0.033200871 0.026561331 0.049896352 0.045596264 0.997359395
1341846328.433920 -0.004666522 0.057087250 0.034541953 0.031296618 0.048695594 0.045909181 0.997267067
1341846328.470003 -0.003350780 0.055232983 0.031740166 0.031042324 0.046441864 0.040664580 0.997610092
1341846328.502194 -0.002251997 0.051167335 0.029750183 0.030991370 0.047877748 0.033727698 0.997802436
1341846328.534033 -0.001980972 0.062610380 0.032240592 0.036257796 0.050293621 0.030830538 0.997599840
1341846328.570125 -0.002864696 0.051488884 0.032025598 0.034827802 0.052133482 0.030215733 0.997575104
1341846328.602804 -0.003523219 0.046843946 0.029900555 0.039233129 0.047475182 0.032848451 0.997560978
1341846328.636433 -0.003924946 0.043622449 0.029808518 0.043429408 0.040453773 0.032508139 0.997707725
1341846328.672663 -0.002354866 0.040750727 0.030851759 0.048032090 0.033576544 0.031278651 0.997791171
1341846328.702975 -0.001163350 0.038453944 0.029959241 0.050292112 0.029492427 0.030520929 0.997832298
1341846328.738215 -0.000794953 0.034357384 0.029958613 0.054197431 0.028404741 0.024984589 0.997813404
1341846328.770129 -0.000634228 0.039439637 0.031461533 0.060136821 0.026734676 0.025214005 0.997513473
1341846328.802331 -0.007693187 0.045110237 0.036132619 0.063392088 0.025724184 0.027072506 0.997289717
1341846328.838051 -0.006817187 0.042107221 0.035637219 0.066625737 0.023284869 0.024468649 0.997206151
1341846328.869939 0.000647804 0.034157194 0.029896256 0.064330272 0.019823827 0.022119856 0.997486532
1341846328.904486 -0.006731173 0.039900433 0.034275696 0.062265769 0.019125052 0.022847082 0.997614801
1341846328.939814 0.001621664 0.026074424 0.028438423 0.059839115 0.013866577 0.021194577 0.997886658
1341846328.970217 0.001561122 0.025969867 0.028323613 0.064890884 0.011964553 0.024253560 0.997525811
1341846329.006232 -0.004961910 0.032540232 0.033510122 0.068613105 0.011033000 0.030438617 0.997117877
1341846329.038243 0.001969237 0.025058582 0.028017974 0.069239907 0.007975645 0.030332208 0.997106910
1341846329.072238 -0.003879556 0.029714011 0.031731334 0.076090656 0.010325384 0.030464709 0.996581912
1341846329.106125 -0.004094777 0.028666206 0.031300392 0.074555978 0.009747857 0.029790562 0.996724129
1341846329.138340 0.002477657 0.021474224 0.026431592 0.073415995 0.007025439 0.027002418 0.996911049
1341846329.169991 0.002713949 0.021135861 0.025310686 0.075485513 0.005679665 0.026282093 0.996784329
1341846329.208656 0.002877664 0.019653583 0.025467301 0.075732887 0.004743175 0.024951804 0.996804655
1341846329.238169 0.003224348 0.019705288 0.024504153 0.075513691 0.003785386 0.024804648 0.996829033
1341846329.273827 -0.002775226 0.021847352 0.029002722 0.075002164 0.004472686 0.025919519 0.996836483
1341846329.306052 -0.002964592 0.021318734 0.028087558 0.075618193 0.002285061 0.025211964 0.996815443
1341846329.338104 0.004464638 0.016879672 0.023262812 0.070296086 -0.002215906 0.022702614 0.997265339
1341846329.373907 0.004019107 0.013337262 0.023088375 0.065663204 -0.002407091 0.020945294 0.997619092
1341846329.405985 -0.002076823 0.016136309 0.027018795 0.068775393 -0.001981733 0.018517243 0.997458339
1341846329.442057 -0.001700992 0.015848359 0.026658680 0.068405621 -0.002764272 0.015406924 0.997534811
1341846329.473950 -0.002339997 0.013312467 0.026394062 0.066588596 -0.003222978 0.009011718 0.997734606
1341846329.506147 -0.002404313 0.012627282 0.025188604 0.066812053 -0.005061582 0.005692750 0.997736514
1341846329.542121 0.002762058 0.007784028 0.021434292 0.063291445 -0.009417319 0.004532136 0.997940361
1341846329.574086 -0.002139484 0.008050980 0.025131147 0.066355787 -0.010537463 0.004074760 0.997732103
1341846329.606387 0.003575956 0.004812691 0.020673972 0.067784846 -0.012503853 0.001831294 0.997619927
1341846329.641955 0.002733423 0.004211481 0.019979311 0.067671761 -0.013144252 0.001931261 0.997619212
1341846329.681570 0.002196785 0.002201886 0.020099515 0.066370703 -0.015737541 0.001978446 0.997668982
1341846329.748113 0.003633635 0.001252486 0.019266527 0.068414338 -0.016636033 -0.000091479 0.997518301
1341846329.774077 0.003654777 -0.000749335 0.019383932 0.065967545 -0.014810127 0.002001102 0.997709870
1341846329.810175 0.003230332 -0.002682520 0.019320205 0.065692514 -0.013031297 0.004144276 0.997746229
1341846329.842255 0.002752782 -0.004170153 0.019412640 0.066965975 -0.012781899 0.007415053 0.997645855
1341846329.874044 0.002592138 -0.005193227 0.019527398 0.068709336 -0.012864042 0.010777596 0.997495532
1341846329.910073 0.002517952 -0.004504009 0.018745106 0.069389865 -0.013239899 0.012799233 0.997419655
1341846329.942009 0.002558626 -0.004742499 0.018700121 0.064700708 -0.013875545 0.018374423 0.997639060
1341846329.978087 0.002492042 -0.008528894 0.018890934 0.061767876 -0.014178053 0.019713726 0.997795105
1341846330.016305 0.003204497 -0.007350118 0.017800020 0.064165086 -0.013425463 0.017608710 0.997693598
1341846330.048192 0.002386780 -0.006296290 0.017802039 0.060677715 -0.011618757 0.019302832 0.997903109
1341846330.080418 0.002446214 -0.009518363 0.017855061 0.055512294 -0.011770493 0.020802176 0.998171926
1341846330.115886 0.002605967 -0.012274337 0.017944429 0.057336874 -0.010225097 0.021604421 0.998068750
1341846330.147839 0.001737854 -0.009637053 0.017315907 0.061019585 -0.009712438 0.023436017 0.997814119
1341846330.181257 0.002640154 -0.007383334 0.017139781 0.056834046 -0.011335814 0.027804902 0.997932017
1341846330.215852 0.002308326 -0.010046231 0.016882809 0.049631689 -0.009848096 0.026532592 0.998366535
1341846330.247833 0.001367888 -0.010830380 0.017065182 0.047767937 -0.008811493 0.025088964 0.998504460
1341846330.283913 0.001530903 -0.008574353 0.016035629 0.044952396 -0.009720687 0.026543085 0.998589158
1341846330.316011 0.000647399 -0.011056719 0.016542073 0.037674867 -0.009878809 0.025151093 0.998924673
1341846330.347868 0.000475833 -0.012181405 0.016427182 0.035278495 -0.011650346 0.023966014 0.999022186
1341846330.383835 0.001256165 -0.012440659 0.016287198 0.033529520 -0.012624276 0.024539093 0.999056697
1341846330.415934 0.001001545 -0.014725151 0.016946394 0.032224461 -0.011482810 0.022630915 0.999158442
1341846330.483903 -0.000328423 -0.014392763 0.015458889 0.035347559 -0.013136853 0.023568787 0.999010742
1341846330.515970 -0.000443711 -0.015670123 0.015910946 0.033629090 -0.015417531 0.026956817 0.998951793
1341846330.552099 -0.000266655 -0.016225714 0.015447928 0.034883860 -0.016824352 0.029172622 0.998823822
1341846330.583876 -0.000674638 -0.014856291 0.014576287 0.034831032 -0.016948937 0.029728254 0.998807192
1341846330.652136 -0.001042623 -0.014593042 0.013606838 0.023757488 -0.019729815 0.027842004 0.999135196
1341846330.683796 -0.001499847 -0.014957444 0.013348725 0.019241175 -0.019316304 0.026615078 0.999273896
1341846330.719991 -0.002927929 -0.016949514 0.013597201 0.016100526 -0.020616630 0.026923921 0.999295175
1341846330.752103 -0.003620554 -0.017718285 0.012237905 0.017665010 -0.024441212 0.030544614 0.999078393
1341846330.819823 -0.003996357 -0.016514326 0.011820269 0.018956618 -0.033658158 0.035335556 0.998628616
1341846330.852208 -0.003795209 -0.015248182 0.010291233 0.018997192 -0.035446342 0.036061797 0.998540044
1341846330.888445 -0.003336426 -0.009620832 0.011456494 0.017471725 -0.037403382 0.037472498 0.998444557
1341846330.949903 -0.005837647 -0.014994824 0.010390570 0.006950511 -0.038830914 0.035436615 0.998593032
1341846331.082139 -0.005430910 -0.011019741 0.010305760 0.010321845 -0.050443839 0.033582054 0.998108745
1341846331.114334 -0.005553759 -0.010331582 0.009757564 0.010398302 -0.052655775 0.033397466 0.997999907
1341846331.149989 -0.005068468 -0.011727431 0.009913708 0.010063625 -0.053919595 0.032097548 0.997978508
1341846331.181954 -0.005579858 -0.011817391 0.009634335 0.013316100 -0.053992018 0.031089591 0.997968435
1341846331.218151 -0.007200437 -0.009341824 0.008284836 0.014213834 -0.056038860 0.031508844 0.997830033
1341846331.282227 -0.002153736 -0.014321362 0.009308283 0.014423770 -0.056419238 0.028447807 0.997897565
1341846331.318141 -0.003696148 -0.011155492 0.009977329 0.021610007 -0.050182246 0.027384911 0.998130679
1341846331.349926 -0.003178655 -0.010452864 0.009696037 0.020931046 -0.047787085 0.026304131 0.998291731
1341846331.382003 0.001774669 -0.013137981 0.014254732 0.022341577 -0.043772511 0.025754686 0.998459578
1341846331.418008 -0.000723343 -0.012664521 0.011931449 0.029640617 -0.031927992 0.024587572 0.998747945
1341846331.450327 -0.001754635 -0.011052761 0.012186323 0.032386504 -0.026467530 0.025503661 0.998799384
1341846331.518344 -0.001099234 -0.010592699 0.013368581 0.031299971 -0.024081929 0.025337085 0.998898625
1341846331.550202 -0.000080072 -0.011750810 0.015097773 0.033012763 -0.020004673 0.024303630 0.998959124
1341846331.586139 -0.001634939 -0.009630102 0.014648380 0.036127850 -0.017664900 0.024671804 0.998886406
1341846331.617931 -0.000426541 -0.009262631 0.015708551 0.035296250 -0.018451905 0.025315123 0.998885810
1341846331.686123 -0.000353074 -0.008695574 0.017829457 0.038467821 -0.012875698 0.027204623 0.998806477
1341846331.717954 -0.000906419 -0.007046227 0.018543461 0.035929967 -0.013859040 0.027939029 0.998867571
1341846331.754076 0.000803813 -0.009041081 0.020695839 0.032838739 -0.014105257 0.026392708 0.999012589
1341846331.785920 0.000820354 -0.009246159 0.022220325 0.035675291 -0.011117974 0.025020314 0.998988330
1341846331.853849 0.000719944 -0.008345350 0.025238458 0.035420332 -0.009078757 0.024946805 0.999019861
1341846331.885987 0.001899370 -0.008729888 0.026723022 0.037988421 -0.007049389 0.023000531 0.998988569
1341846331.922014 0.001472548 -0.007398898 0.028177042 0.040598795 -0.003614667 0.021879561 0.998929441
1341846331.954037 0.001378084 -0.008040480 0.027484875 0.040020861 -0.001112635 0.022701867 0.998940289
1341846332.022364 0.001851284 -0.010434866 0.034014151 0.048063837 0.009462556 0.023391934 0.998525500
1341846332.054175 0.000312310 -0.009863028 0.033280186 0.054605287 0.010025658 0.025800863 0.998124301
1341846332.086502 0.000860400 -0.009175705 0.034878358 0.057861734 0.009798460 0.027942071 0.997885406
1341846332.153983 -0.000240487 -0.006112924 0.038154021 0.059217356 0.010950435 0.024669057 0.997880161
1341846332.190165 -0.000501695 -0.005740693 0.040469740 0.053020269 0.009478984 0.022412091 0.998296916
1341846332.222699 -0.000182108 -0.008232305 0.042514171 0.049101628 0.008905178 0.021267455 0.998527646
1341846332.254145 -0.000566199 -0.008782678 0.044277560 0.051814470 0.009787956 0.020561449 0.998397052
1341846332.322172 -0.000799199 -0.008117341 0.047233850 0.054925241 0.009046108 0.024286369 0.998154104
1341846332.354003 0.000761073 -0.008880397 0.048339169 0.057148989 0.009987019 0.022503003 0.998062074
1341846332.390180 0.000658954 -0.006788838 0.049747199 0.059824582 0.014693548 0.019232417 0.997915447
1341846332.422055 -0.000131551 -0.006426669 0.051342614 0.057910908 0.017613707 0.016011933 0.998037934
1341846332.489993 -0.000390790 -0.006352767 0.054090220 0.058427759 0.021681098 0.013406705 0.997966111
1341846332.522130 -0.001549744 -0.005858616 0.055820528 0.057808388 0.018606134 0.018697619 0.997979164
1341846332.558114 -0.001304752 -0.006349680 0.057148106 0.057804570 0.013015720 0.025329402 0.997921646
1341846332.589874 0.000233519 -0.004403449 0.057889361 0.058527611 0.009296683 0.030337827 0.997781396
1341846332.621889 0.000805481 -0.003163256 0.059286747 0.054793224 0.008916021 0.032411478 0.997931719
1341846332.658202 0.001487197 -0.004264423 0.060333032 0.050457101 0.009168733 0.031321034 0.998192906
1341846332.726000 0.000998911 -0.004638054 0.061139438 0.046967663 0.009383015 0.035855748 0.998208582
1341846332.758386 0.001676717 -0.005001954 0.059357379 0.047392402 0.006517733 0.037719529 0.998142600
1341846332.825925 0.003612288 -0.003199547 0.065120630 0.045396447 0.008690052 0.035313252 0.998306870
1341846332.894069 0.003688420 -0.002228695 0.064260744 0.046468858 0.010216054 0.034630291 0.998266995
1341846332.926029 0.004697746 -0.001542856 0.064967364 0.043276671 0.010079526 0.033064857 0.998464942
1341846332.958015 0.005118200 -0.001267637 0.066619061 0.040416326 0.012312009 0.030403595 0.998644352
1341846332.994073 0.005303354 -0.000837492 0.067471527 0.037713241 0.013582489 0.028731691 0.998783112
1341846333.026545 0.006171596 -0.000458025 0.069496468 0.035493948 0.014310332 0.026751863 0.998909235
1341846333.094024 0.006924922 -0.000542027 0.071301356 0.034526143 0.018114595 0.029459026 0.998805285
1341846333.126095 0.007761951 0.000153429 0.072738796 0.035475824 0.019423222 0.032369360 0.998657346
1341846333.161973 0.008717639 0.001149700 0.072640285 0.034805965 0.021369556 0.033993073 0.998587191
1341846333.195660 0.008402603 0.001307630 0.074174859 0.032377321 0.024058469 0.035549216 0.998553514
1341846333.226331 0.008598349 0.001519166 0.074464858 0.031087562 0.024616243 0.035555959 0.998580635
1341846333.262056 0.009099083 0.002764355 0.074973918 0.028794978 0.024659321 0.033756439 0.998710811
1341846333.294147 0.009390710 0.002300177 0.075692818 0.024933118 0.024143727 0.033152062 0.998847485
1341846333.326100 0.009160582 0.002345135 0.075726844 0.023014931 0.023362054 0.031397633 0.998968780
1341846333.362100 0.009695370 0.003792163 0.076015480 0.020958081 0.022209648 0.029666947 0.999093235
1341846333.394119 0.009245404 0.003240608 0.079836614 0.017336039 0.021927100 0.029094946 0.999185741
1341846333.429974 0.008884451 0.002246935 0.073087119 0.015886772 0.019629188 0.029011134 0.999260068
1341846333.562063 0.010478649 0.003596115 0.080374472 0.019230565 0.023665646 0.028014256 0.999142289
1341846333.594090 0.008644561 0.003216974 0.073898681 0.017590309 0.023755336 0.028363802 0.999160528
1341846333.629994 0.008749811 0.003675304 0.073959678 0.014292591 0.021148451 0.027492275 0.999296069
1341846333.662127 0.009178102 0.003585619 0.073674798 0.011227534 0.019683355 0.026751008 0.999385238
1341846333.697964 0.009372174 0.002619654 0.073565558 0.008690243 0.019491535 0.027609684 0.999390960
1341846333.730092 0.009287490 0.002203752 0.073293373 0.010784499 0.019720444 0.028578199 0.999338806
1341846333.762089 0.009175649 0.002458249 0.072777204 0.012783040 0.020538494 0.030013673 0.999256670
1341846333.798006 0.009214008 0.002293428 0.072346985 0.014185376 0.020810610 0.029703798 0.999241412
1341846333.830055 0.009348606 0.002350437 0.071863413 0.016732007 0.021907836 0.027944399 0.999229312
1341846333.866045 0.008639513 0.002196339 0.071021341 0.017677225 0.024010116 0.026716454 0.999198318
1341846333.897987 0.008711248 0.001677718 0.070822023 0.019000176 0.023685731 0.025487753 0.999213874
1341846333.930099 0.009633624 0.002460806 0.076475903 0.022649305 0.024059711 0.024538932 0.999152660
1341846333.965889 0.008968115 0.002637968 0.075677000 0.025215670 0.025606176 0.024117561 0.999063015
1341846333.997985 0.008995876 0.001728224 0.074756548 0.026957517 0.026372313 0.024062339 0.998998940
1341846334.030076 0.008706048 0.001952659 0.074019730 0.030406324 0.027796203 0.024768824 0.998844028
1341846334.066000 0.007943049 0.001729248 0.073152229 0.031913258 0.028027235 0.026092717 0.998756826
1341846334.097932 0.008200146 0.001522125 0.072605796 0.033776797 0.027502723 0.026081190 0.998710454
1341846334.133884 0.007498853 0.001386418 0.070887014 0.035105661 0.028992252 0.026160687 0.998620391
1341846334.166115 0.005737433 0.000617685 0.065134108 0.034867387 0.028851952 0.026790854 0.998616040
1341846334.198072 0.006211851 0.001269395 0.069127947 0.035866257 0.026830193 0.026036559 0.998657048
1341846334.234097 0.006390406 0.000554121 0.063196860 0.035496149 0.026818914 0.025147628 0.998693347
1341846334.266045 0.005363273 -0.000018894 0.062267341 0.035177629 0.029118547 0.025272299 0.998637080
1341846334.334036 0.004265740 0.000327008 0.060329136 0.037101250 0.026474541 0.027129047 0.998592317
1341846334.365871 0.004259367 0.000577771 0.059069198 0.036764685 0.026460433 0.025437675 0.998649657
1341846334.401845 0.003729922 0.000375874 0.058316860 0.035087794 0.027528174 0.024550285 0.998703301
1341846334.433864 0.002414830 -0.000309689 0.057596598 0.034837175 0.027386121 0.024820535 0.998709321
1341846334.502142 0.001746264 0.000469283 0.055435903 0.034818176 0.024457186 0.026507635 0.998742640
1341846334.540153 0.001611910 0.000120654 0.054407548 0.033982210 0.023129053 0.025520181 0.998828828
1341846334.566584 0.000522846 0.001297594 0.053268887 0.033505976 0.022755483 0.022089098 0.998935223
1341846334.602351 -0.000545743 0.001359805 0.052354146 0.029887147 0.020548906 0.018297002 0.999174535
1341846334.670161 -0.000889097 0.000712263 0.050415419 0.024519527 0.017904921 0.011211815 0.999476135
1341846334.702085 -0.002287705 0.000340762 0.049571540 0.023422234 0.016618988 0.010994443 0.999527097
1341846334.734751 -0.002325805 0.000140948 0.048426315 0.023382584 0.013671922 0.012590574 0.999553800
1341846334.770889 -0.002743726 -0.000009929 0.047145739 0.023197837 0.012156591 0.015304824 0.999539793
1341846334.833908 -0.003173741 0.000429518 0.044243876 0.022491850 0.007854424 0.015074891 0.999602497
1341846334.869874 -0.003093266 0.000776651 0.047124758 0.021622343 0.007631367 0.014450475 0.999632657
1341846334.902006 -0.004006679 0.000509111 0.045595858 0.019821370 0.006618460 0.014757849 0.999672711
1341846334.938010 -0.003705519 0.000516380 0.042819001 0.019058408 0.003169591 0.014446342 0.999708951
1341846335.002203 -0.004025012 -0.000569184 0.040831350 0.019654430 0.002612335 0.014769613 0.999694347
1341846335.069990 -0.004581124 0.000203782 0.038129989 0.023049269 -0.003300517 0.017085703 0.999582887
1341846335.106038 -0.004117899 -0.000361059 0.037131131 0.022806421 -0.002644557 0.015666651 0.999613643
1341846335.138045 -0.005243833 -0.000582555 0.035985835 0.024430010 -0.000847235 0.014809622 0.999591470
1341846335.169900 -0.006327133 0.000003038 0.034000807 0.025176659 -0.002679913 0.014386144 0.999575913
1341846335.239365 -0.005216432 -0.000709874 0.032078996 0.023640089 -0.004635905 0.010250267 0.999657273
1341846335.269948 -0.005956059 -0.001028768 0.030902516 0.025113758 -0.002932993 0.008626673 0.999643087
1341846335.305972 -0.006903381 -0.001169869 0.029266756 0.026981317 -0.003954740 0.009237756 0.999585450
1341846335.374005 -0.005620836 -0.002656911 0.027875075 0.031563088 -0.004959911 0.012295278 0.999413848
1341846335.406025 -0.006241295 -0.003212335 0.027474819 0.038125228 -0.002134367 0.014153630 0.999170482
1341846335.438079 -0.006251371 -0.001981555 0.024489423 0.044097226 -0.001309692 0.017213739 0.998878062
1341846335.473998 -0.005980443 -0.001352133 0.023615910 0.046429373 -0.000016005 0.018809509 0.998744488
1341846335.538040 -0.006914209 -0.000079925 0.022382142 0.047594845 0.005253684 0.014787422 0.998743474
1341846335.574119 -0.007861877 0.000487916 0.021156726 0.045378689 0.005774765 0.014839199 0.998842955
1341846335.641978 -0.007247894 -0.000334902 0.018886603 0.044477664 0.005537456 0.012099224 0.998921752
1341846335.673993 -0.008272197 0.000031638 0.017611986 0.044470515 0.006831040 0.011562368 0.998920441
1341846335.706178 -0.008479481 -0.000234818 0.016129507 0.043688260 0.005427898 0.012369438 0.998953879
1341846335.773960 -0.008461685 0.000245280 0.013538610 0.044514582 0.005600159 0.011173942 0.998930573
1341846335.806271 -0.008680892 0.000854894 0.011937909 0.042743061 0.005028393 0.011433299 0.999008000
1341846335.842031 -0.008273406 0.000180034 0.011356204 0.040268295 0.005333778 0.011920273 0.999103606
1341846335.910005 -0.009673512 0.000610923 0.008399978 0.040956620 0.007665121 0.012288244 0.999055982
1341846335.941936 -0.010052255 0.000663448 0.007068725 0.039858937 0.005864205 0.013525918 0.999096572
1341846335.974198 -0.009917656 0.000660789 0.006100816 0.039673753 0.004773669 0.011658101 0.999133289
1341846336.042129 -0.011207460 0.001072423 0.003223226 0.038785230 0.004092651 0.010168771 0.999187410
1341846336.078076 -0.011526421 0.000608579 0.002668203 0.038519576 0.002264088 0.009495643 0.999210179
1341846336.110739 -0.011205934 0.000808456 0.001499705 0.039031982 0.001680686 0.008249066 0.999202490
1341846336.183953 -0.013107347 0.001394531 -0.001103665 0.038889907 0.000050787 0.009640126 0.999197006
1341846336.210112 -0.012761457 0.001580089 -0.001608190 0.037391797 -0.002176774 0.010325670 0.999244988
1341846336.241891 -0.012448191 0.001383741 -0.002024655 0.036734529 -0.001527610 0.009811334 0.999275744
1341846336.346143 -0.014231602 0.001208084 -0.004893312 0.041578460 -0.004491278 0.015395372 0.999006510
1341846336.377975 -0.013764136 0.000993701 -0.005961224 0.042117834 -0.004446035 0.015012589 0.998989940
1341846336.446041 -0.014650935 0.001835624 -0.008578523 0.042937052 -0.003851971 0.014570533 0.998964131
1341846336.477990 -0.014766585 0.001588873 -0.008912002 0.041644864 -0.003940484 0.014470889 0.999019921
1341846336.510056 -0.014939755 0.001250149 -0.009740672 0.041832305 -0.003279057 0.014945017 0.999007523
1341846336.578003 -0.015540981 0.002269292 -0.011703645 0.043103006 -0.003535536 0.018314123 0.998896539
1341846336.614020 -0.014926147 0.002309768 -0.011975321 0.042367063 -0.003467106 0.018052839 0.998932958
1341846336.678036 -0.016917037 0.002409521 -0.014250921 0.039447799 -0.002631380 0.016809046 0.999076784
1341846336.714024 -0.016805423 0.001456773 -0.013934460 0.040455773 -0.005341777 0.016958980 0.999023139
1341846336.746016 -0.017636817 0.000861828 -0.015263321 0.043873176 -0.006950772 0.018487481 0.998841882
1341846336.820006 -0.018145477 0.002505779 -0.017343804 0.047919281 -0.014586765 0.024195980 0.998451591
1341846336.845952 -0.017567970 0.001842889 -0.017194495 0.048343711 -0.016308779 0.023115067 0.998430073
1341846336.882056 -0.018864699 0.002043732 -0.017805763 0.050502956 -0.016407426 0.022450196 0.998336732
1341846336.914273 -0.019682406 0.000694441 -0.019310853 0.052061621 -0.020138705 0.023906508 0.998154581
1341846336.945998 -0.020057332 0.000287112 -0.018333528 0.058506291 -0.026767313 0.025698539 0.997597158
1341846336.981980 -0.018862629 0.003339876 -0.019427119 0.062906064 -0.031224851 0.024453700 0.997231066
1341846337.150037 -0.020184435 0.003661779 -0.022267669 0.053337637 -0.039575364 0.013454183 0.997701347
1341846337.181873 -0.018675713 0.003792270 -0.021287521 0.053140745 -0.039748374 0.010176159 0.997743726
1341846337.214073 -0.018917490 0.005080134 -0.022182945 0.051241346 -0.038187370 0.008063131 0.997923374
1341846337.282028 -0.020495789 0.003080545 -0.023231031 0.048894409 -0.043011438 0.012142424 0.997803509
1341846337.317920 -0.019351268 0.004131612 -0.023304120 0.049067326 -0.045160804 0.012833175 0.997691453
1341846337.350018 -0.019638168 0.004776378 -0.023769910 0.047695979 -0.044383604 0.012663416 0.997794986
1341846337.382159 -0.019052474 0.004044856 -0.023524700 0.044633247 -0.044493895 0.011053010 0.997950912
1341846337.417941 -0.019905612 0.002920019 -0.024035094 0.044950482 -0.043226093 0.010674851 0.997996509
1341846337.450137 -0.020427641 0.004148190 -0.024912516 0.046073776 -0.044788763 0.011705097 0.997864783
1341846337.518008 -0.019972261 0.002702467 -0.024922805 0.044794802 -0.045861736 0.013013972 0.997858107
1341846337.549978 -0.020087756 0.004561211 -0.025781110 0.045901079 -0.046587843 0.011380984 0.997794151
1341846337.585971 -0.020335376 0.004040474 -0.026123997 0.042852663 -0.046755277 0.010365927 0.997932911
1341846337.617903 -0.020198140 0.001864910 -0.025714105 0.043117069 -0.047397163 0.010515604 0.997889698
1341846337.650141 -0.019856725 0.003605340 -0.026135281 0.046399243 -0.047803186 0.010003061 0.997728407
1341846337.686352 -0.019862514 0.004496250 -0.026111441 0.044905126 -0.047724701 0.010625890 0.997794032
1341846337.718002 -0.019502684 0.003879311 -0.024931343 0.042795792 -0.047415733 0.010760113 0.997900069
1341846337.749920 -0.018946461 0.004582851 -0.024689713 0.042896744 -0.045776114 0.010320717 0.997976899
1341846337.985994 -0.018621948 0.006908614 -0.021544492 0.024908861 -0.031837240 0.006724925 0.999160051
1341846338.018107 -0.017539708 0.006695360 -0.019856641 0.021328349 -0.030569624 0.007845740 0.999274254
1341846338.054055 -0.017213281 0.007497971 -0.019401455 0.019402094 -0.029293364 0.007220614 0.999356449
1341846338.085986 -0.016599245 0.007476668 -0.018022677 0.015884994 -0.026383273 0.007202496 0.999499738
1341846338.154089 -0.017138867 0.007092672 -0.016442904 0.013053530 -0.023131067 0.011670782 0.999579072
1341846338.186029 -0.017628960 0.006664564 -0.016504373 0.011683682 -0.023456957 0.014320029 0.999554038
1341846338.222071 -0.016842341 0.007433991 -0.015560854 0.010786640 -0.022730947 0.014080736 0.999584258
1341846338.254107 -0.017074369 0.006847421 -0.014687571 0.008683635 -0.020511221 0.013979074 0.999654174
1341846338.290130 -0.016839489 0.006542726 -0.013813069 0.009029449 -0.020660544 0.015602663 0.999624014
1341846338.321952 -0.016667200 0.007158474 -0.012755692 0.009373536 -0.019938789 0.017864613 0.999597669
1341846338.354022 -0.016250223 0.006958477 -0.011505763 0.008619761 -0.019569358 0.018394563 0.999602139
1341846338.389969 -0.016191889 0.007839127 -0.010666599 0.008697284 -0.018526876 0.018512117 0.999619126
1341846338.422377 -0.016285094 0.007597451 -0.009525178 0.006591044 -0.018010251 0.018689686 0.999641418
1341846338.454010 -0.016183639 0.008105183 -0.008267831 0.006017126 -0.018442916 0.017417369 0.999660134
1341846338.489894 -0.015819533 0.007898903 -0.007056475 0.004203529 -0.019047439 0.017939296 0.999648809
1341846338.522066 -0.015225763 0.007358799 -0.005280621 0.004659558 -0.019223887 0.018229676 0.999638140
1341846338.558058 -0.015288064 0.008650746 -0.004794391 0.004789213 -0.018905763 0.016831161 0.999668121
1341846338.589842 -0.015055405 0.008331664 -0.003401756 0.002341900 -0.019383837 0.016653424 0.999670684
1341846338.622019 -0.014110221 0.007637828 -0.001858613 0.002707226 -0.018843418 0.017955337 0.999657571
1341846338.657984 -0.014100978 0.008664007 -0.001103681 0.003773729 -0.018594965 0.019696476 0.999625921
1341846338.757945 -0.014067272 0.009425692 0.002016434 0.001646299 -0.018156286 0.020967597 0.999613941
1341846338.790039 -0.013238121 0.009314874 0.003879212 -0.000572074 -0.020653162 0.021857476 0.999547601
1341846338.826048 -0.011722506 0.008706117 0.005837154 -0.000658830 -0.020923717 0.021165607 0.999556780
1341846338.858027 -0.012387050 0.009633834 0.005862740 -0.000185261 -0.018474856 0.019377587 0.999641478
1341846338.889902 -0.012356616 0.009669998 0.007078570 -0.002832901 -0.019177713 0.018896090 0.999633491
1341846338.925948 -0.011095135 0.009283778 0.008819235 -0.003749467 -0.019576283 0.017817443 0.999642551
1341846338.958108 -0.011099724 0.009379235 0.009917506 -0.003340055 -0.017309811 0.016508559 0.999708295
1341846338.990057 -0.011077767 0.009483039 0.010888798 -0.002862962 -0.017173938 0.016914696 0.999705315
1341846339.025928 -0.010127925 0.009041544 0.013224541 -0.001171097 -0.016943078 0.018057209 0.999692678
1341846339.057939 -0.009949445 0.009705352 0.013755118 0.002053311 -0.014440752 0.017893989 0.999733508
1341846339.093927 -0.010848819 0.010707284 0.014317347 0.001522472 -0.014088910 0.018508319 0.999728262
1341846339.126562 -0.009497258 0.011167635 0.015590402 -0.001514172 -0.016279774 0.018351188 0.999697864
1341846339.157969 -0.008652742 0.011085545 0.017937414 -0.004019074 -0.014032701 0.016359545 0.999759614
1341846339.194113 -0.009419703 0.011482513 0.018169267 -0.005700995 -0.011942144 0.016153783 0.999781907
1341846339.228165 -0.009022288 0.012366068 0.018992536 -0.008699558 -0.014262768 0.018529482 0.999688745
1341846339.257998 -0.007764301 0.011791089 0.021055924 -0.011850034 -0.014656373 0.020058427 0.999621153
1341846339.294132 -0.007507013 0.012124022 0.022041896 -0.011704291 -0.012147835 0.020813858 0.999641061
1341846339.326577 -0.008479870 0.014121930 0.021620698 -0.013580392 -0.012374146 0.022407247 0.999580085
1341846339.362269 -0.007320465 0.012580096 0.023643687 -0.019614296 -0.016256390 0.022145335 0.999430120
1341846339.394725 -0.006326557 0.013066006 0.024438089 -0.020265508 -0.014491464 0.020945616 0.999470174
1341846339.426160 -0.006911334 0.013010506 0.026273817 -0.021814281 -0.014134196 0.022009879 0.999419808
1341846339.462186 -0.005619580 0.012968791 0.026445692 -0.023895197 -0.015928842 0.021557303 0.999355078
1341846339.496743 -0.004386107 0.012359967 0.028868159 -0.021268338 -0.012984659 0.019223426 0.999504626
1341846339.530143 -0.004667152 0.012737633 0.029398290 -0.020071827 -0.008856325 0.019257898 0.999573827
1341846339.562052 -0.004851961 0.012338428 0.030726943 -0.019807093 -0.008918546 0.020340171 0.999557078
1341846339.595122 -0.003140025 0.012327463 0.032135081 -0.017995868 -0.009766895 0.020990128 0.999569952
1341846339.632085 -0.002630866 0.012464290 0.033276282 -0.016496763 -0.006425473 0.019275514 0.999657452
1341846339.664568 -0.002427720 0.012429772 0.034310009 -0.016258890 -0.003471799 0.016923429 0.999718547
1341846339.698896 -0.002249651 0.012414649 0.035252120 -0.016271818 -0.002242425 0.015890677 0.999738812
1341846339.731977 -0.001790264 0.012235539 0.036597908 -0.016172227 -0.002080845 0.014284769 0.999764979
1341846339.762241 -0.001105481 0.011788090 0.037917424 -0.016052779 -0.001196605 0.013783071 0.999775410
1341846339.797873 -0.001005728 0.011895617 0.038891252 -0.015858727 -0.000562921 0.014912886 0.999762893
1341846339.830245 -0.000607991 0.011795244 0.039816894 -0.016123304 -0.001240014 0.015187644 0.999753892
1341846339.862015 -0.000043031 0.011611971 0.039971549 -0.016810346 -0.001464745 0.015634213 0.999735355
1341846339.897797 0.000669885 0.011528038 0.041353576 -0.017867422 -0.000769242 0.015240230 0.999723911
1341846339.929916 0.000390401 0.011425441 0.041271262 -0.018412964 0.000680799 0.016434029 0.999695182
1341846339.961960 0.000493342 0.010945745 0.042202350 -0.017441541 0.000018844 0.017479271 0.999695122
1341846339.997845 0.001449854 0.011048045 0.042988133 -0.015872732 0.000397025 0.018124679 0.999709666
1341846340.066044 0.002046463 0.010450414 0.044752710 -0.013414518 0.003935893 0.020442268 0.999693274
1341846340.098009 0.002185735 0.010704421 0.045373682 -0.012307501 0.004596606 0.021287248 0.999687076
1341846340.130102 0.002418482 0.010694402 0.046130717 -0.012994702 0.004427582 0.020676972 0.999691963
1341846340.166041 0.003403496 0.010256909 0.047149993 -0.012501827 0.005887099 0.019203251 0.999720097
1341846340.229904 0.003317003 0.011063579 0.048732750 -0.011808116 0.008594697 0.018638203 0.999719620
1341846340.265859 0.004158467 0.010429365 0.049790472 -0.012881335 0.009062865 0.018094132 0.999712229
1341846340.298061 0.004118671 0.010528764 0.050846208 -0.010612080 0.011716045 0.017827203 0.999716103
1341846340.334063 0.003898635 0.011479175 0.051562723 -0.010802286 0.011126952 0.019622179 0.999687195
1341846340.366064 0.004488942 0.010624561 0.052063882 -0.013071201 0.008852625 0.019424040 0.999686718
1341846340.397995 0.004996414 0.010394605 0.052742604 -0.011377130 0.009142498 0.018975416 0.999713421
1341846340.433895 0.005037569 0.010696992 0.053097095 -0.010555009 0.008948474 0.019841505 0.999707341
1341846340.465959 0.004978524 0.010476351 0.053651184 -0.010154656 0.006914734 0.021214882 0.999699473
1341846340.501858 0.005519400 0.010525296 0.053549040 -0.009221827 0.003154671 0.021495344 0.999721467
1341846340.534329 0.006181578 0.010615625 0.053599562 -0.008666785 0.001342462 0.021320384 0.999734223
1341846340.566041 0.006693102 0.010161974 0.053759690 -0.007770653 0.000284262 0.021764418 0.999732912
1341846340.601909 0.007207841 0.010235474 0.053314324 -0.005237259 -0.000549832 0.022395702 0.999735296
1341846340.634005 0.007537947 0.010577364 0.052531950 -0.004230445 -0.001175222 0.021491775 0.999759376
1341846340.666028 0.008157927 0.010330644 0.052516431 -0.004592387 -0.001222706 0.019576812 0.999797046
1341846340.733954 0.008994367 0.010508394 0.052162070 -0.001486475 0.001495012 0.015881840 0.999871671
1341846340.770081 0.008790001 0.010666509 0.051882945 -0.002155064 0.002222541 0.013665448 0.999901831
1341846340.801980 0.009470622 0.010325719 0.051535722 -0.002423891 0.002753766 0.008356773 0.999958336
1341846340.833999 0.009361796 0.010883549 0.051533222 -0.002237197 0.005337166 0.004365351 0.999973714
1341846340.870013 0.009104300 0.010745934 0.051746167 -0.003494747 0.005484386 0.002098081 0.999976635
1341846340.901955 0.009302247 0.010195483 0.051440198 -0.003108721 0.005069389 0.001920849 0.999980450
1341846340.933918 0.009160878 0.010318384 0.051367600 -0.001094020 0.004669118 0.004206534 0.999979615
1341846340.970122 0.008722488 0.010378025 0.050841693 0.000156195 0.002207043 0.008602835 0.999960542
1341846341.001922 0.008648760 0.010061905 0.050440472 0.001285031 -0.001884714 0.013802915 0.999902129
1341846341.070300 0.009112196 0.010146671 0.049802452 0.003087098 -0.005492153 0.016805241 0.999838948
1341846341.102028 0.008791179 0.010161641 0.049509641 0.003103483 -0.006636086 0.016953107 0.999829471
1341846341.137982 0.008954929 0.009942211 0.048975587 0.002945877 -0.008626307 0.016815362 0.999817073
1341846341.170048 0.009295763 0.009791418 0.048719753 0.003296638 -0.009416888 0.018351704 0.999781787
1341846341.202110 0.009117618 0.009553256 0.048477303 0.004659800 -0.009588591 0.019995775 0.999743223
1341846341.237996 0.009444539 0.009568609 0.048164297 0.006366438 -0.009670233 0.020771610 0.999717176
1341846341.269883 0.009061131 0.009738371 0.048127227 0.007647415 -0.008789796 0.021006657 0.999711454
1341846341.306107 0.008934777 0.009647901 0.047799658 0.008188901 -0.009320644 0.020035699 0.999722242
1341846341.338109 0.009243685 0.009538772 0.047428582 0.008802470 -0.009098083 0.018304387 0.999752283
1341846341.406074 0.008624936 0.009653627 0.047668587 0.009660874 -0.006974361 0.014892699 0.999818087
1341846341.438113 0.008421637 0.008942270 0.047576215 0.010308065 -0.008574406 0.014979588 0.999797881
1341846341.470024 0.008969015 0.008931914 0.047111355 0.012984920 -0.009306021 0.013804501 0.999777079
1341846341.506077 0.008647268 0.009865185 0.046980407 0.013653953 -0.008096372 0.012380308 0.999797344
1341846341.538156 0.007922903 0.009474873 0.047319479 0.012466455 -0.009222856 0.012342709 0.999803543
1341846341.574016 0.008329230 0.009305433 0.046844132 0.013297317 -0.011856000 0.013467760 0.999750555
1341846341.612466 0.008118250 0.009678367 0.046772055 0.014077182 -0.012328017 0.014283878 0.999722898
1341846341.643972 0.007855104 0.009824830 0.046416942 0.013360728 -0.013342895 0.012595458 0.999742389
1341846341.712332 0.007313915 0.009652114 0.046316974 0.013702051 -0.016718278 0.015873661 0.999640346
1341846341.744185 0.007502386 0.009549951 0.045820497 0.013979696 -0.018808447 0.018006207 0.999563217
1341846341.780061 0.007569250 0.009717625 0.045679010 0.014539420 -0.019566528 0.019360891 0.999515355
1341846341.812163 0.007579778 0.009329244 0.045468751 0.014513743 -0.020286240 0.020982219 0.999468625
1341846341.842595 0.007867788 0.008779665 0.045289114 0.016159059 -0.020616604 0.024058715 0.999367297
1341846341.875779 0.007837357 0.008869260 0.044708826 0.017985020 -0.020804437 0.027377015 0.999246836
1341846341.906227 0.008115940 0.008372701 0.044946346 0.019269532 -0.021558421 0.029280234 0.999152958
1341846341.942069 0.008220352 0.007529255 0.044576026 0.021964949 -0.021637039 0.031235695 0.999036372
1341846341.974775 0.008116958 0.007792090 0.044238541 0.025534736 -0.021614311 0.032829951 0.998900890
1341846342.042024 0.008685198 0.006931882 0.044117667 0.027249407 -0.024230886 0.035163186 0.998716116
1341846342.080032 0.009012912 0.007500770 0.043599926 0.029844843 -0.022119517 0.034964569 0.998697937
1341846342.112265 0.008391454 0.007031289 0.043362394 0.029805107 -0.020967204 0.036824059 0.998657048
1341846342.147954 0.008510636 0.006283960 0.043224148 0.031625748 -0.022211535 0.038993910 0.998491824
1341846342.179852 0.009143386 0.006558947 0.042954493 0.034676407 -0.022334818 0.040877733 0.998312414
1341846342.211848 0.008937846 0.006710903 0.043353211 0.035493068 -0.021485228 0.040496852 0.998317897
1341846342.247920 0.009100044 0.006261998 0.043324962 0.036272179 -0.021440817 0.039402157 0.998334646
1341846342.279870 0.009135803 0.006208682 0.042985030 0.037752930 -0.020905266 0.039423395 0.998290300
1341846342.316068 0.009101750 0.006190036 0.042761356 0.038984992 -0.020624176 0.040570453 0.998202801
1341846342.347894 0.009265538 0.006527969 0.042824622 0.039682616 -0.020878086 0.040619843 0.998168051
1341846342.379953 0.009494772 0.006375465 0.042668693 0.039700050 -0.020407941 0.040602822 0.998177767
1341846342.416195 0.009234521 0.006352317 0.042637493 0.040318977 -0.019984527 0.041791480 0.998112440
1341846342.447907 0.009265007 0.006619831 0.042420715 0.040711623 -0.020776814 0.042595454 0.998046339
