1341846314.862145 0.041899815 0.001414079 0.001074961 -0.003635908 0.069515213 0.014540926 0.997458637
1341846315.129851 0.048938848 0.001562564 -0.001028413 -0.009087223 0.079768576 0.024382016 0.996468902
1341846315.161941 0.037869200 0.003938392 -0.002786903 -0.009323238 0.083415918 0.027398759 0.996094465
1341846315.197984 0.039058369 0.003538899 0.000691838 -0.016207108 0.080345906 0.028017668 0.996241331
1341846315.230076 0.050465219 0.003898343 -0.001645229 -0.020056169 0.076307014 0.020369524 0.996669650
1341846315.262069 0.038481239 0.003131101 -0.000816965 -0.023003174 0.078302152 0.022210434 0.996416748
1341846315.298000 0.039801951 0.002457303 0.000978846 -0.025566963 0.073443860 0.025067117 0.996656418
1341846315.329931 0.040839866 0.000676496 0.000761257 -0.023909183 0.071372256 0.026823366 0.996802270
1341846315.361981 0.042144787 0.000911123 0.001263024 -0.018026683 0.069995522 0.029408213 0.996950746
1341846315.397962 0.043194894 0.001208463 0.001760392 -0.015007993 0.069389813 0.033540517 0.996912658
1341846315.429923 0.043683428 0.001658560 -0.000128871 -0.012302768 0.071200855 0.036010187 0.996735811
1341846315.466047 0.044639740 0.002189275 -0.000208864 -0.010781116 0.074558973 0.036603928 0.996486306
1341846315.497883 0.044706091 0.002983113 0.001498300 -0.011109872 0.077547781 0.041105486 0.996078968
1341846315.530008 0.045155831 0.002859703 0.000749698 -0.011213918 0.078700535 0.042034302 0.995948613
1341846315.566108 0.047104012 0.002771833 0.001603747 -0.011987461 0.078590497 0.044697456 0.995832264
1341846315.597986 0.046826195 0.001993933 0.000749510 -0.012744436 0.080758877 0.042949814 0.995726347
1341846315.630109 0.047217242 0.002485799 0.001845932 -0.012270219 0.081451386 0.042587742 0.995691419
1341846315.666042 0.047374077 0.002926001 0.000496744 -0.012638507 0.083157271 0.041025475 0.995611370
1341846315.698114 0.047617506 0.004123956 -0.000323621 -0.016309531 0.086477950 0.039395377 0.995340943
1341846315.733985 0.046821378 0.002378157 0.001394426 -0.021005481 0.090018734 0.040505800 0.994894266
1341846315.766041 0.046100400 0.002385691 0.000764160 -0.020832274 0.088150151 0.041722503 0.995014966
1341846315.798188 0.047027469 0.002234131 0.000607464 -0.021949867 0.086461619 0.041642826 0.995142400
1341846315.834140 0.046580292 0.001276181 0.001462115 -0.021755315 0.089163996 0.039496865 0.994995713
1341846315.866751 0.045753486 0.001412243 0.001546416 -0.019134160 0.091301590 0.039017268 0.994874656
1341846315.898492 0.045713726 0.001343402 0.001295781 -0.018004688 0.091513403 0.039112419 0.994872510
1341846315.936901 0.045567412 0.000295497 0.000676951 -0.016165422 0.093068518 0.038540665 0.994782150
1341846315.966572 0.044050217 0.000435701 0.001162529 -0.012386832 0.095703818 0.036471967 0.994664311
1341846316.002119 0.043276977 0.000520571 0.000823642 -0.010452265 0.095815912 0.035608489 0.994706988
1341846316.034204 0.042669944 0.000131817 0.001049529 -0.008919137 0.096083768 0.034846991 0.994723082
1341846316.066113 0.041815732 -0.000132876 0.001575115 -0.006813667 0.096460648 0.034986112 0.994698405
1341846316.101867 0.050583325 0.000828822 -0.001130411 -0.005113475 0.093135424 0.034373723 0.995046794
1341846316.134066 0.039361127 0.000105251 -0.000270765 -0.006230191 0.093129121 0.034130093 0.995049357
1341846316.169952 0.048526715 0.000175562 -0.000705880 -0.006526825 0.088532746 0.029104905 0.995626569
1341846316.202049 0.036852226 -0.000887647 0.000330722 -0.006444972 0.089785956 0.028347213 0.995536745
1341846316.233979 0.048237629 0.000120076 -0.000144010 -0.005442164 0.084511779 0.026282338 0.996060908
1341846316.270052 0.047279965 0.000302639 -0.000638623 -0.006868922 0.085138358 0.024077127 0.996054530
1341846316.301915 0.046203990 -0.000531579 0.000120371 -0.006947340 0.086811572 0.021705130 0.995964050
1341846316.334208 0.044458594 -0.001121909 -0.001214762 -0.005848907 0.087273635 0.021649418 0.995931923
1341846316.370006 0.044583049 -0.000932146 0.001422547 -0.003578224 0.085535355 0.023587270 0.996049464
1341846316.401994 0.042598505 -0.001021566 -0.000077091 -0.001817660 0.085646540 0.024857188 0.996013820
1341846316.438069 0.041965526 -0.001633415 0.001240396 -0.000045143 0.085289359 0.027207401 0.995984733
1341846316.470076 0.040221777 -0.001865847 0.000940281 0.004642942 0.085672095 0.029481955 0.995876312
1341846316.502034 0.038913380 -0.000710735 -0.000985330 0.007133054 0.083627902 0.031432614 0.995975673
1341846316.537975 0.038331706 -0.000148483 -0.000415013 0.005067676 0.080579914 0.029818112 0.996289194
1341846316.570121 0.037951384 -0.001308922 0.000667270 0.004102631 0.080137335 0.027173527 0.996404946
1341846316.601885 0.037375525 -0.002120040 -0.000010493 0.005463281 0.079779021 0.025331566 0.996475697
1341846316.638009 0.035608348 -0.002363789 0.000075034 0.007632252 0.079056405 0.027003795 0.996475160
1341846316.669925 0.034014434 -0.002812110 0.001297993 0.009961045 0.078908987 0.026501624 0.996479690
1341846316.705941 0.033208106 -0.003230036 0.001624892 0.013983442 0.078976393 0.027435021 0.996400774
1341846316.738062 0.032738425 -0.002506234 -0.000550800 0.016527638 0.078394078 0.030416261 0.996321261
1341846316.770433 0.030948022 -0.002111324 0.000603508 0.016097898 0.078357145 0.030492647 0.996328890
1341846316.805932 0.030350631 -0.003553381 0.000964275 0.015500842 0.078347296 0.029723668 0.996362329
1341846316.838029 0.028684059 -0.002717173 0.000921124 0.017640116 0.077532530 0.030582642 0.996364534
1341846316.870034 0.027300598 -0.003391482 0.000953540 0.017501017 0.074580655 0.031900033 0.996550977
1341846316.906344 0.026689220 -0.003332449 0.001471531 0.018694006 0.071315326 0.031942349 0.996766925
1341846316.937940 0.026530247 -0.002881978 0.000762117 0.018918732 0.069426738 0.029521272 0.996970654
1341846316.973994 0.021592127 -0.003297379 0.001525783 0.018164808 0.070224635 0.027184850 0.996995270
1341846317.005913 0.020434495 -0.003313163 0.001142917 0.017021749 0.067550614 0.027596425 0.997188866
1341846317.037936 0.019682752 -0.004028546 0.001479974 0.016889596 0.065333150 0.027185917 0.997350097
1341846317.073972 0.019221228 -0.004027599 0.001880943 0.018172899 0.063267402 0.027880479 0.997441590
1341846317.106113 0.017910486 -0.004860351 0.002310302 0.020113742 0.062069785 0.031426419 0.997374177
1341846317.137887 0.015114377 -0.004771327 0.001841561 0.023404695 0.057570830 0.035086580 0.997450113
1341846317.173970 0.014537390 -0.004237174 0.001360973 0.024855975 0.050647035 0.036812507 0.997728348
1341846317.205887 0.015018469 -0.004356739 0.001601870 0.024777275 0.046637677 0.038247485 0.997871816
1341846317.248131 0.013661388 -0.004530177 0.002418503 0.026063163 0.044616502 0.039940123 0.997865140
1341846317.273950 0.007982914 -0.003204188 0.003136298 0.027885256 0.042755775 0.042208292 0.997803986
1341846317.306289 0.008543182 -0.003190829 0.002746596 0.028061159 0.039309379 0.045218065 0.997808933
1341846317.348137 0.008230167 -0.003398421 0.003385699 0.029338945 0.040263209 0.046572275 0.997671843
1341846317.373974 0.006726236 -0.003207368 0.002747619 0.030894145 0.041767515 0.049218889 0.997435987
1341846317.410120 0.005853957 -0.003067103 0.003137661 0.031227160 0.040632196 0.051792804 0.997342169
1341846317.442569 0.006282982 -0.003951522 0.004057432 0.033411276 0.039945379 0.055109687 0.997121334
1341846317.474010 0.004662981 -0.004582439 0.003498678 0.038413115 0.040936630 0.057949629 0.996739924
1341846317.509927 0.002673620 -0.003426220 0.002767986 0.042163182 0.039966434 0.060543898 0.996473491
1341846317.542282 0.001374896 -0.002718920 0.004203740 0.042064618 0.037723634 0.061850443 0.996484816
1341846317.573943 0.001504041 -0.003368449 0.004375283 0.041515145 0.038040377 0.061198890 0.996536016
1341846317.610159 0.000937074 -0.003912820 0.004494526 0.043715134 0.039978947 0.061052576 0.996375024
1341846317.643553 -0.001389923 -0.003102310 0.006045751 0.046929277 0.040601831 0.063755676 0.996034324
1341846317.677993 -0.003360241 -0.003934064 0.005076433 0.046800788 0.038318414 0.065557428 0.996013880
1341846317.709996 -0.004068713 -0.004016850 0.005458780 0.049572196 0.035680342 0.065432310 0.995985985
1341846317.741834 -0.005373213 -0.002883511 0.004645336 0.050248913 0.034963783 0.064466454 0.996040463
1341846317.777923 -0.006767717 -0.003233040 0.004667366 0.048310995 0.034300685 0.063784406 0.996203303
1341846317.810021 -0.007760317 -0.003730476 0.005289404 0.047699627 0.032393225 0.062878825 0.996354222
1341846317.841886 -0.008983498 -0.003002131 0.005302135 0.047538053 0.031655010 0.060752958 0.996517539
1341846317.878017 -0.010208678 -0.002659008 0.005324764 0.045388829 0.031963274 0.056587756 0.996853054
1341846317.909910 -0.010171880 -0.003644792 0.005430487 0.043848466 0.032509159 0.054285761 0.997032344
1341846317.946031 -0.011808514 -0.003688191 0.006339489 0.045356508 0.034057014 0.055197448 0.996863186
1341846317.978041 -0.013331879 -0.004437577 0.006314054 0.046999469 0.033105988 0.055671435 0.996792734
1341846318.009897 -0.013215190 -0.004038779 0.006384322 0.049665272 0.032606039 0.053934071 0.996775508
1341846318.045949 -0.015255076 -0.003313941 0.006304139 0.050374743 0.034786090 0.052476462 0.996743977
1341846318.078074 -0.017303102 -0.003556007 0.007354234 0.049478393 0.034230094 0.050638322 0.996903181
1341846318.109894 -0.019350065 -0.003752287 0.005895642 0.048880160 0.031084409 0.047559656 0.997187316
1341846318.145957 -0.021134987 -0.003564907 0.007273327 0.048360195 0.028761407 0.045973685 0.997356772
1341846318.178001 -0.022073993 -0.004103715 0.006950554 0.047264885 0.029109016 0.043120738 0.997526646
1341846318.214074 -0.024918601 -0.004818134 0.007249160 0.047600076 0.028970098 0.041488677 0.997583926
1341846318.245970 -0.025874507 -0.005902989 0.007405040 0.050055932 0.023429489 0.043197714 0.997536719
1341846318.278018 -0.027841948 -0.005772667 0.007070044 0.054042760 0.019171663 0.042509422 0.997449160
1341846318.313937 -0.028942389 -0.005709623 0.004987370 0.055707362 0.013578526 0.042755980 0.997438908
1341846318.345989 -0.031985786 -0.006095916 0.004915968 0.057215486 0.005558461 0.041395985 0.997487843
1341846318.382046 -0.033261523 -0.006305120 0.005501097 0.059153344 -0.001159179 0.039258309 0.997475982
1341846318.414072 -0.034531213 -0.006474678 0.003999128 0.060413577 -0.007226125 0.040172141 0.997338593
1341846318.446035 -0.036011130 -0.007110027 0.006394900 0.062213201 -0.013013955 0.039133474 0.997210443
1341846318.482196 -0.034980044 -0.006114650 0.004408014 0.064299725 -0.016725900 0.039834186 0.996995032
1341846318.514144 -0.036529608 -0.006483077 0.003877191 0.064154498 -0.017712262 0.041045263 0.996938229
1341846318.546259 -0.036823336 -0.007356871 0.003732324 0.065258600 -0.019503823 0.041555751 0.996811986
1341846318.582042 -0.037901256 -0.006380376 0.003195960 0.067321517 -0.019180993 0.040858049 0.996709883
1341846318.614115 -0.039687876 -0.006479582 0.003225430 0.066892311 -0.018960506 0.040673900 0.996750534
1341846318.650038 -0.042577099 -0.006882794 0.004056024 0.065767705 -0.017667426 0.035559285 0.997044623
1341846318.682350 -0.043889087 -0.006693276 0.004196765 0.065501250 -0.017814668 0.033608541 0.997127235
1341846318.714063 -0.043625399 -0.006289044 0.002853516 0.065924495 -0.020130532 0.034792475 0.997014701
1341846318.749905 -0.043358695 -0.006805702 0.002090146 0.066308834 -0.020750688 0.036313448 0.996922255
1341846318.782036 -0.049679462 -0.006537592 0.005260045 0.068297945 -0.018331889 0.036360357 0.996833622
1341846318.814121 -0.051528484 -0.006871444 0.003927204 0.067648314 -0.021754580 0.033903234 0.996895671
1341846318.850072 -0.052386288 -0.007284191 0.005132031 0.068157561 -0.027883785 0.032178123 0.996765554
1341846318.883516 -0.055489928 -0.007886188 0.006924143 0.070354976 -0.033277355 0.028526103 0.996558607
1341846318.918047 -0.058875985 -0.007286181 0.005694440 0.074358068 -0.042601492 0.029240703 0.995892048
1341846318.950044 -0.060078621 -0.007683323 0.006079792 0.075945228 -0.053614657 0.025852622 0.995333850
1341846318.982028 -0.059413292 -0.006651300 0.005569923 0.078237616 -0.058830734 0.022018598 0.994953752
1341846319.018123 -0.063578226 -0.007184624 0.003165328 0.077241421 -0.061988939 0.021340273 0.994854629
1341846319.050745 -0.063822895 -0.008799911 0.004726610 0.077648900 -0.068920143 0.020627532 0.994381845
1341846319.081905 -0.062164005 -0.008359427 0.002961692 0.082817063 -0.070978649 0.018077238 0.993869543
1341846319.117976 -0.063146599 -0.006492913 0.003616791 0.086964972 -0.070149086 0.023736317 0.993454993
1341846319.150093 -0.045457553 -0.006610633 0.001983987 0.087808430 -0.079666570 0.029602628 0.992505193
1341846319.186069 -0.064520791 -0.005843660 0.000916895 0.090429746 -0.076521330 0.032041147 0.992441595
1341846319.218149 -0.042696752 -0.003051328 0.002779087 0.087837979 -0.078628898 0.029536458 0.992587328
1341846319.250034 -0.042779747 -0.002798394 0.002381124 0.081830531 -0.073179379 0.029888259 0.993506551
1341846319.286594 -0.046010114 -0.004082171 0.001511549 0.079114847 -0.068763688 0.033032130 0.993942320
1341846319.318034 -0.047296014 -0.003971481 0.002581313 0.079921752 -0.067805246 0.036118053 0.993836224
1341846319.350268 -0.049982369 -0.004768187 0.001137272 0.080362745 -0.066100977 0.042136256 0.993678510
1341846319.386163 -0.048812777 -0.005572496 0.000966149 0.082020663 -0.070234329 0.048102777 0.992988348
1341846319.418386 -0.070608199 -0.007424342 0.004794521 0.083877422 -0.069964670 0.052499991 0.992629468
1341846319.453961 -0.072406866 -0.005655530 0.006573143 0.085200973 -0.072356649 0.050228201 0.992462814
1341846319.486271 -0.076543801 -0.006209046 0.001901696 0.083762698 -0.071318746 0.049147885 0.992714405
1341846319.518456 -0.079294711 -0.005487013 0.001223897 0.081417844 -0.074056789 0.051650137 0.992581964
1341846319.554083 -0.056907725 -0.004285729 0.001782637 0.078291729 -0.083473720 0.045943893 0.992366672
1341846319.586296 -0.059524920 -0.005011703 0.000033693 0.078365907 -0.082109697 0.041953266 0.992651343
1341846319.622031 -0.062146574 -0.004183209 -0.002824958 0.077409789 -0.084181011 0.039104577 0.992669165
1341846319.653962 -0.062686473 -0.004682201 0.000602531 0.076451421 -0.089337684 0.037106842 0.992369413
1341846319.686352 -0.063763507 -0.004828853 -0.000203018 0.077919185 -0.092968658 0.038382374 0.991873085
1341846319.721992 -0.064917058 -0.004035214 -0.001141022 0.079198256 -0.097029008 0.039551839 0.991336763
1341846319.754063 -0.065336548 -0.001950196 -0.001767750 0.076956928 -0.099767372 0.039764635 0.991232991
1341846319.786397 -0.065964319 -0.002808525 -0.001486189 0.071924418 -0.099743448 0.043116935 0.991473138
1341846319.822008 -0.067743368 -0.002760989 -0.001988848 0.068730615 -0.099515542 0.046949536 0.991548538
1341846319.853917 -0.068853728 -0.002155745 -0.002015375 0.064365707 -0.100580066 0.051068489 0.991530478
1341846319.889942 -0.069263496 -0.004538663 -0.002595362 0.059777956 -0.101000272 0.055966079 0.991510630
1341846319.922039 -0.070558481 -0.004927930 -0.001525128 0.059792653 -0.104558587 0.057886269 0.991030514
1341846319.953946 -0.063212276 -0.006147697 -0.000300758 0.059493810 -0.113251157 0.053967938 0.990314126
1341846319.990054 -0.062997505 -0.005779835 0.000381754 0.062347371 -0.116472833 0.045827027 0.990175128
1341846320.028122 -0.064432219 -0.006124120 -0.000528497 0.064074241 -0.119010702 0.043392636 0.989872754
1341846320.054177 -0.063183829 -0.006355414 0.000042344 0.067295961 -0.125775725 0.044481080 0.988773584
1341846320.090047 -0.061145876 -0.004526926 0.000293447 0.070137963 -0.128393531 0.044041425 0.988259137
1341846320.122011 -0.059350491 -0.004035991 0.001067917 0.070990264 -0.127096981 0.045323212 0.988307893
1341846320.157952 -0.058735225 -0.003907705 0.003210049 0.071552925 -0.124672517 0.046180345 0.988536417
1341846320.190003 -0.056991223 -0.005485985 0.007082285 0.073754862 -0.122413747 0.044985175 0.988712013
1341846320.221941 -0.056167509 -0.005470005 0.007880026 0.077969484 -0.118709780 0.045455921 0.988818765
1341846320.258015 -0.061804749 -0.006108143 0.005702301 0.081836514 -0.116222359 0.050076045 0.988578558
1341846320.289887 -0.054124668 -0.008745780 0.007242994 0.085818976 -0.118944660 0.048612457 0.987989902
1341846320.321954 -0.054255903 -0.007777387 0.005129908 0.094955370 -0.120348468 0.048582077 0.986985028
1341846320.357890 -0.051633686 -0.005793727 0.003373095 0.101229325 -0.120791607 0.050512329 0.986210167
1341846320.390064 -0.043743618 -0.005917399 0.006875300 0.102344558 -0.120203756 0.050627884 0.986160994
1341846320.426544 -0.039357278 -0.006639718 0.007645959 0.104697384 -0.114510983 0.047931228 0.986726046
1341846320.458122 -0.043253731 -0.006846914 0.004265024 0.105809286 -0.104814820 0.045129061 0.987816572
1341846320.490186 -0.035506114 -0.008173136 0.009501114 0.108432204 -0.101010047 0.044241145 0.987968683
1341846320.525911 -0.039581623 -0.007288066 0.004255644 0.112406254 -0.090829991 0.043740310 0.988535047
1341846320.558091 -0.034126587 -0.006388297 0.007108112 0.114298157 -0.088231981 0.038704164 0.988763392
1341846320.594093 -0.029494984 -0.007683704 0.006572095 0.114488572 -0.085319467 0.035209026 0.989127517
1341846320.631955 -0.029398344 -0.006948324 0.007437624 0.117704675 -0.076395065 0.034158025 0.989516377
1341846320.664916 -0.028197045 -0.006163262 0.007025987 0.118218541 -0.073941410 0.032811940 0.989687026
1341846320.699927 -0.036858924 -0.007370457 0.006467689 0.117593303 -0.068308763 0.033006594 0.990159690
1341846320.731822 -0.034702476 -0.006773817 0.006837341 0.120056540 -0.062268604 0.032474030 0.990279973
1341846320.763877 -0.036371026 -0.002760856 0.005832474 0.119595155 -0.059362676 0.032323439 0.990519166
1341846320.799999 -0.032810707 -0.005854558 0.005921350 0.110834517 -0.062350739 0.028349401 0.991475880
1341846320.831871 -0.022742806 -0.006733923 0.007587657 0.111911252 -0.057525370 0.024653893 0.991745353
1341846320.863887 -0.031652607 -0.003019686 0.007162007 0.112869121 -0.042542685 0.025102463 0.992381215
1341846320.900014 -0.031707216 -0.005811510 0.005287836 0.104484193 -0.046661545 0.029666500 0.992988229
1341846320.931889 -0.025296923 -0.007893475 0.005690692 0.104257718 -0.049298018 0.028822832 0.992909491
1341846320.967866 -0.026116038 -0.003467171 0.005591312 0.105966814 -0.042976074 0.025416572 0.993115306
1341846321.000017 -0.026112100 -0.004501546 0.005757410 0.099468164 -0.042357296 0.023862096 0.993852377
1341846321.031860 -0.023219908 -0.006479477 0.005369894 0.096422650 -0.042665061 0.021794826 0.994186759
1341846321.068047 -0.022229174 -0.005625496 0.003808325 0.097008854 -0.039011646 0.019123880 0.994334757
1341846321.099840 -0.022400014 -0.005968153 0.002324956 0.094323479 -0.037158471 0.019468416 0.994657397
1341846321.131821 -0.018832266 -0.007841042 0.004693445 0.093968824 -0.036958694 0.021012871 0.994666994
1341846321.167887 -0.017854510 -0.006725515 0.004988007 0.097291000 -0.032886103 0.021332577 0.994483709
1341846321.200042 -0.017116236 -0.006225315 0.004318063 0.097713999 -0.030360851 0.021295253 0.994523346
1341846321.231950 -0.031240335 -0.008408114 0.004731908 0.096528076 -0.024773803 0.021336062 0.994793117
1341846321.267939 -0.028577471 -0.007409826 0.004977586 0.097471192 -0.023499016 0.016945364 0.994816542
1341846321.299948 -0.026605144 -0.008039598 0.005400961 0.095755413 -0.019605916 0.011057038 0.995150387
1341846321.331858 -0.026724586 -0.008639918 0.005903466 0.095785603 -0.016027622 0.007125415 0.995247424
1341846321.367913 -0.024212740 -0.009372155 0.004682158 0.096980363 -0.014513556 0.002969992 0.995176077
1341846321.399897 -0.023054572 -0.008186357 0.007196217 0.099710636 -0.009475647 0.001788066 0.994969785
1341846321.435994 -0.021985218 -0.009588636 0.006961612 0.100207023 -0.005891209 0.001454287 0.994948089
1341846321.467946 -0.020612804 -0.008783655 0.007289400 0.102729514 -0.004067881 0.002456367 0.994697988
1341846321.499882 -0.018912833 -0.009022604 0.007529998 0.103998661 -0.001466460 0.002594462 0.994572997
1341846321.536109 -0.015258196 -0.007251262 0.007441067 0.104452468 0.002761368 0.000042556 0.994526088
1341846321.568960 -0.016169390 -0.006274722 0.007974573 0.101614356 0.009979111 -0.002418690 0.994770885
1341846321.603938 -0.015166220 -0.007025613 0.008433745 0.098018005 0.012227452 -0.002548543 0.995106280
1341846321.637163 0.003185990 -0.004576268 0.007858600 0.096412025 0.010904790 -0.003846735 0.995274365
1341846321.668306 0.000501061 -0.004562646 0.008485634 0.091692910 0.021616166 -0.001184104 0.995552003
1341846321.704411 -0.002079436 -0.004934583 0.008480457 0.088411853 0.024246298 0.006318451 0.995768785
1341846321.736861 -0.000547917 -0.004838761 0.008423245 0.087414712 0.021404942 0.014347429 0.995838642
1341846321.771881 0.001931632 -0.002509729 0.008416977 0.085752547 0.020123871 0.019987728 0.995912671
1341846321.804114 0.003840932 -0.003311713 0.007886061 0.081100650 0.021672932 0.023427255 0.996194839
1341846321.836152 0.004444511 -0.002353101 0.007800579 0.078589574 0.023784138 0.024447490 0.996323407
1341846321.871882 0.004813285 -0.000952561 0.007668751 0.073755823 0.024892323 0.021608125 0.996731400
1341846321.904074 0.005819177 -0.000745815 0.008901798 0.068006940 0.026126988 0.017690679 0.997185767
1341846321.939847 0.006330299 -0.001815621 0.008814835 0.063243672 0.029225523 0.015907168 0.997443259
1341846322.004094 0.005307323 -0.002681691 0.009620233 0.056025047 0.027864916 0.014817985 0.997930408
1341846322.034203 0.008089845 -0.003075037 0.008989102 0.053948201 0.027377320 0.014369701 0.998064935
1341846322.066178 0.008215157 -0.003605812 0.008511853 0.050937243 0.031373613 0.012305572 0.998133063
1341846322.107979 0.007595010 -0.005703615 0.009782501 0.047947679 0.034035143 0.011073926 0.998208404
1341846322.133980 -0.002422004 -0.009527699 0.011622712 0.048448429 0.037647676 0.009207758 0.998073459
1341846322.166164 -0.003194587 -0.010362267 0.011510657 0.050468359 0.037297063 0.010999961 0.997968376
1341846322.202932 -0.001763217 -0.008356160 0.008960553 0.052166652 0.034062374 0.011262576 0.997993767
1341846322.234093 -0.002371909 -0.011636494 0.010478588 0.050487906 0.032877102 0.009633476 0.998136938
1341846322.265941 -0.002675608 -0.013436052 0.010469954 0.047532372 0.030162334 0.009697247 0.998367131
1341846322.301996 -0.002014564 -0.016427964 0.010346394 0.044549648 0.028434891 0.010464645 0.998547614
1341846322.333949 -0.003367771 -0.018098023 0.010183319 0.043841507 0.027199717 0.010332581 0.998614728
1341846322.369871 -0.001753025 -0.020741202 0.009536257 0.043910541 0.020876871 0.007997336 0.998785317
1341846322.402292 0.000678288 -0.022693964 0.008587038 0.045254324 0.020762423 0.001984442 0.998757780
1341846322.433955 0.010610303 -0.025675602 0.011279392 0.048965659 0.019721914 -0.003134172 0.998600841
1341846322.470030 0.009954740 -0.028242070 0.010157746 0.056570671 0.015712135 -0.000223382 0.998274922
1341846322.502433 0.008747508 -0.025417531 0.010434547 0.063903145 0.013082014 0.002238505 0.997867823
1341846322.534002 0.011990242 -0.034330014 0.010373442 0.069332987 0.011679949 0.003192627 0.997520089
1341846322.570196 0.008412110 -0.030535905 0.011495326 0.081025079 0.013079229 0.004358531 0.996616721
1341846322.601920 0.007616757 -0.030664312 0.010286202 0.087060839 0.010502966 0.007978540 0.996115685
1341846322.638119 0.011946367 -0.034994259 0.009931187 0.090456396 0.004687802 0.009177094 0.995847106
1341846322.669947 0.012444691 -0.034673259 0.009638396 0.096245870 0.007624641 0.007865406 0.995297313
1341846322.702026 0.009978831 -0.035930429 0.010781515 0.099462748 0.010970613 0.008756381 0.994942248
1341846322.738006 0.010707860 -0.036060214 0.010443915 0.100870855 0.007752293 0.011129339 0.994807065
1341846322.770087 0.012752115 -0.039603107 0.010921381 0.099642746 0.007372853 0.011423351 0.994930387
1341846322.806047 0.010455477 -0.041374773 0.011429583 0.103178032 0.008477992 0.012571137 0.994547307
1341846322.838063 0.009171871 -0.042135485 0.011286024 0.105456181 0.004972069 0.013385039 0.994321406
1341846322.870081 0.010669285 -0.044582486 0.011853541 0.106637813 -0.001071980 0.014977714 0.994184494
1341846322.906018 0.013451285 -0.045454569 0.011585042 0.111432247 -0.004077528 0.015115702 0.993648708
1341846322.938349 0.012784497 -0.043986127 0.012315783 0.112666994 -0.002503278 0.016358014 0.993494987
1341846322.970069 0.013467070 -0.043587714 0.011596907 0.108124748 -0.003290938 0.018755438 0.993954957
1341846323.011820 0.004582920 -0.037344806 0.011339976 0.107496776 0.000054218 0.019631147 0.994011641
1341846323.073951 0.005212897 -0.037225023 0.012667292 0.105027460 -0.000679679 0.024597934 0.994164884
1341846323.105962 0.005312526 -0.040626943 0.012442322 0.100998171 -0.000500583 0.024065167 0.994595408
1341846323.138158 0.005198164 -0.040691961 0.012384534 0.101939633 -0.000364673 0.020752573 0.994574070
1341846323.174092 0.004657258 -0.040316001 0.011361037 0.099991955 -0.000435951 0.019394424 0.994799137
1341846323.206059 0.005556699 -0.041546438 0.011237102 0.096775383 -0.001482864 0.017061174 0.995158911
1341846323.238053 0.006626666 -0.041500356 0.011612111 0.094433725 0.001022006 0.015366478 0.995412052
1341846323.273997 0.004887773 -0.041588437 0.011658357 0.090303056 0.002349642 0.015898604 0.995784640
1341846323.305946 0.004829853 -0.043216258 0.012368869 0.084921673 -0.001811301 0.016514631 0.996249139
1341846323.342027 0.008569511 -0.045708302 0.013531232 0.082386672 -0.001796749 0.014734919 0.996489942
1341846323.374048 0.004603190 -0.047146551 0.012829322 0.082480215 0.003794178 0.015669724 0.996462345
1341846323.441956 0.005170589 -0.050970513 0.011997245 0.082473010 -0.004900131 0.022879289 0.996318638
1341846323.473878 0.006423215 -0.052649200 0.012364266 0.086061649 -0.004211607 0.021806551 0.996042252
1341846323.506129 0.005093547 -0.049783505 0.012267435 0.089256242 -0.003812294 0.019048678 0.995819271
1341846323.742111 0.005169532 -0.059617497 0.010784903 0.091281503 0.003358467 0.015325003 0.995701551
1341846323.774928 0.005109257 -0.061222684 0.011322579 0.094382241 0.001122222 0.012749963 0.995453775
1341846323.810012 0.005591840 -0.062314142 0.011129527 0.095299378 -0.000298732 0.009600927 0.995402336
1341846323.842207 0.005971052 -0.062948652 0.010670422 0.096722640 -0.000317760 0.003849616 0.995303869
1341846323.878019 0.004827054 -0.064725228 0.010544134 0.096979350 -0.000480723 -0.000057416 0.995286286
1341846323.909826 0.005296481 -0.067091517 0.010496312 0.099381492 -0.002504502 -0.004040488 0.995038092
1341846323.942459 0.004662910 -0.067229562 0.010115002 0.103448711 -0.002214868 -0.005587604 0.994616628
1341846323.978055 0.003959343 -0.067654759 0.009949916 0.105786979 -0.004675267 -0.003628915 0.994371235
1341846324.015934 0.005011655 -0.068077214 0.009152171 0.109442107 -0.007164801 -0.003830065 0.993959963
1341846324.047722 0.003223204 -0.056883752 0.009855594 0.116505370 -0.005020764 -0.004405749 0.993167579
1341846324.083904 0.003014188 -0.054802801 0.009601750 0.117332458 -0.003509345 -0.005126961 0.993073225
1341846324.115968 0.003710994 -0.054332525 0.009581069 0.115257986 -0.002072837 -0.006315119 0.993313372
1341846324.151967 0.004400230 -0.053548716 0.009239609 0.114911839 0.000468947 -0.010676285 0.993318200
1341846324.183941 0.004104388 -0.050866537 0.010305784 0.112893820 0.004588129 -0.013274400 0.993507802
1341846324.219984 0.002769748 -0.050506059 0.011057888 0.108707987 0.007150604 -0.013555755 0.993955612
1341846324.251968 0.002325985 -0.050464660 0.011890873 0.108031131 0.007398227 -0.013845003 0.994023561
1341846324.284052 0.001828160 -0.048641130 0.011768741 0.108943395 0.006869330 -0.014038458 0.993925095
1341846324.319880 0.001145301 -0.045797411 0.012331486 0.108552851 0.003733788 -0.014457173 0.993978560
1341846324.351917 0.001921437 -0.043535724 0.011947993 0.105420262 -0.000232949 -0.015205954 0.994311452
1341846324.388001 0.003183993 -0.042323913 0.011021500 0.101221375 -0.000639057 -0.018817425 0.994685769
1341846324.419908 0.003008342 -0.040005449 0.011413458 0.097193472 0.001586411 -0.021170132 0.995039105
1341846324.487928 0.001259337 -0.039223164 0.012345140 0.090674073 0.002421039 -0.020171752 0.995673358
1341846324.519985 0.000292815 -0.038955897 0.012812974 0.089261480 0.000757761 -0.015703272 0.995884120
1341846324.556001 0.000097474 -0.035707757 0.012184141 0.088054262 -0.004401417 -0.011441749 0.996040225
1341846324.587888 0.000382868 -0.033198159 0.013236515 0.085335284 -0.007800112 -0.008521857 0.996285319
1341846324.620086 0.000111061 -0.032664638 0.013267444 0.083050482 -0.010060930 -0.011256720 0.996430993
1341846324.655955 0.000660630 -0.030589728 0.013340103 0.082271807 -0.011409125 -0.012618535 0.996464729
1341846324.688082 0.000232867 -0.030393844 0.013454455 0.081413351 -0.010971778 -0.011787805 0.996550322
1341846324.782029 -0.001081566 -0.022935895 0.013493619 0.082281277 -0.018637136 -0.008858064 0.996395469
1341846324.814016 0.001616258 -0.019766396 0.012343004 0.079747804 -0.020909369 -0.009946175 0.996546090
1341846324.849979 -0.000482478 -0.018559892 0.014575863 0.074159287 -0.016627431 -0.012683396 0.997027099
1341846324.881924 -0.001837425 -0.017393073 0.015017487 0.071724519 -0.017166769 -0.013246791 0.997188747
1341846324.913902 -0.001274438 -0.015954100 0.015626688 0.070910260 -0.019052001 -0.010184790 0.997248709
1341846324.949999 0.000452184 -0.025034767 0.014521781 0.068057641 -0.019531298 -0.007895194 0.997458994
1341846324.981922 -0.001714605 -0.024586992 0.014688135 0.072407767 -0.021029174 -0.004571852 0.997142911
1341846325.050079 0.006374071 -0.027741926 0.013776367 0.077115901 -0.033624236 -0.003664511 0.996448219
1341846325.081901 -0.001225729 -0.017790740 0.013398711 0.079100639 -0.036880165 -0.004792449 0.996172667
1341846325.118531 0.009432617 -0.022427268 0.012988176 0.073122643 -0.042462338 -0.006827268 0.996395171
1341846325.149933 0.008734496 -0.022133984 0.013973260 0.067571744 -0.039683327 -0.009490408 0.996879756
1341846325.181925 0.007906316 -0.021314021 0.013506985 0.064355820 -0.038020108 -0.007454077 0.997174621
1341846325.218055 0.007762762 -0.020134958 0.014674733 0.061832145 -0.037876524 -0.003154643 0.997362614
1341846325.285925 0.007767364 -0.017253580 0.014349196 0.057688393 -0.038630713 0.003537062 0.997580647
1341846325.317988 0.000724289 -0.010387496 0.014447878 0.057356514 -0.034311384 0.006801585 0.997740805
1341846325.349844 0.009067023 -0.018512402 0.016711861 0.057441298 -0.032342657 0.008461203 0.997788966
1341846325.387302 0.009054249 -0.016610108 0.016487043 0.062704585 -0.029625952 0.011401723 0.997527122
1341846325.417931 0.010988181 -0.015431592 0.016954118 0.065913916 -0.025406756 0.013769434 0.997406781
1341846325.450747 0.012753388 -0.017803982 0.017836595 0.069030538 -0.018864879 0.017024858 0.997290850
1341846325.485954 0.009620031 -0.014188904 0.018835876 0.079141632 -0.009924556 0.018867655 0.996635377
1341846325.553859 0.009538521 -0.012656886 0.018153574 0.085992932 -0.003935731 0.021963218 0.996045828
1341846325.585855 0.008737845 -0.009838696 0.017962338 0.089094408 -0.000492784 0.020578833 0.995810390
1341846325.617990 0.009028785 -0.006711824 0.017909205 0.086946487 0.000795891 0.019863348 0.996014595
1341846325.653982 0.008052358 -0.009001357 0.019029388 0.083027877 0.003370115 0.016326735 0.996407747
1341846325.717857 0.007182378 -0.006754167 0.019624336 0.093439348 0.006144645 0.023809111 0.995321274
1341846325.754083 0.006966741 -0.006874923 0.020034229 0.096122243 0.005906617 0.028922373 0.994931698
1341846325.786087 0.007575907 -0.006124797 0.019352635 0.102591805 0.006139756 0.030150818 0.994247496
1341846325.853827 0.006143746 -0.002147368 0.020603081 0.108483821 0.009206849 0.034987465 0.993439674
1341846325.885958 0.004686657 -0.000339893 0.020311011 0.109508559 0.007079653 0.040639568 0.993129432
1341846325.921984 0.005765263 0.000214817 0.020526689 0.108211040 0.002420841 0.045818698 0.993068516
1341846325.985823 0.007034021 0.002628847 0.021213638 0.114392646 0.004921549 0.051469699 0.992089152
1341846326.021991 0.006647041 0.003175353 0.022375135 0.117101535 0.005074156 0.057059389 0.991466463
1341846326.054055 0.007179880 0.004794185 0.022201834 0.122427031 0.004088382 0.060941283 0.990596294
1341846326.089984 0.007911847 0.004959616 0.022518361 0.125230625 0.005574694 0.060467165 0.990267634
1341846326.154079 0.007219975 0.006899643 0.022652477 0.125538751 0.012555559 0.056902789 0.990375936
1341846326.190178 0.006532543 0.008451046 0.023816427 0.128293902 0.012333964 0.059017554 0.989901781
1341846326.222162 0.005963918 0.010944276 0.023680266 0.128257304 0.010649503 0.065361664 0.989527404
1341846326.259181 0.006193664 0.012369783 0.023549050 0.124990754 0.007735399 0.069635294 0.989681005
1341846326.322766 0.007044299 0.015338480 0.025193561 0.117821813 0.006682179 0.069057472 0.990608156
1341846326.359773 0.007229656 0.017084252 0.025187081 0.114492491 0.008199309 0.066800453 0.991141737
1341846326.392109 0.007264410 0.016280003 0.026311714 0.112713426 0.009985296 0.067046151 0.991312683
1341846326.423985 0.006870195 0.016828183 0.026481148 0.116721399 0.010810916 0.072183512 0.990479112
1341846326.491143 0.007121761 0.021396996 0.026731879 0.121322900 0.007259530 0.076135099 0.989662349
1341846326.526163 0.007789425 0.024486423 0.026921397 0.120917872 0.009677942 0.075605482 0.989731848
1341846326.560211 0.007524703 0.025626175 0.028682299 0.116057947 0.013487786 0.076135263 0.990228295
1341846326.591828 0.007054177 0.026418280 0.028453322 0.112872936 0.015546066 0.077750280 0.990440786
1341846326.627027 0.007324724 0.028261945 0.028676385 0.113282673 0.017114354 0.076557204 0.990461111
1341846326.658442 0.007877441 0.030606698 0.029644731 0.111390732 0.020610299 0.075348631 0.990701735
1341846326.694856 0.006559273 0.031117743 0.030095723 0.107711606 0.024743227 0.075328141 0.991015494
1341846326.726206 -0.001974167 0.024064779 0.024708726 0.098963767 0.028641738 0.073795304 0.991937518
1341846326.826821 0.006916611 0.039571006 0.033462480 0.083703719 0.033536140 0.066791691 0.993683994
1341846326.858887 0.006608384 0.040662218 0.031258013 0.074386157 0.035215244 0.065553688 0.994449258
1341846326.895360 0.005973613 0.040513963 0.031656802 0.071851052 0.035049137 0.067420878 0.994516671
1341846326.926897 0.005280890 0.041697472 0.031710401 0.074239947 0.031864934 0.068245821 0.994392037
1341846326.958888 -0.002306020 0.033721380 0.025979185 0.073442623 0.032048855 0.071512133 0.994215786
1341846326.994594 -0.002020329 0.035510164 0.025948782 0.074242733 0.032341130 0.074225925 0.993947983
1341846327.026301 -0.001700573 0.038187627 0.026333731 0.073131822 0.033293586 0.073765151 0.994033158
1341846327.063945 -0.001240368 0.038533710 0.027482694 0.069935180 0.035433363 0.071179181 0.994377732
1341846327.094662 -0.001546464 0.039561439 0.028523970 0.069631383 0.038188428 0.068451792 0.994488537
1341846327.128901 -0.001752425 0.041634928 0.029105959 0.069301903 0.038397525 0.066529021 0.994633973
1341846327.161940 -0.001634997 0.043108281 0.028710008 0.068423212 0.037030648 0.065716475 0.994800627
1341846327.193867 -0.000841368 0.044177819 0.029095674 0.067611173 0.037704561 0.064946145 0.994881451
1341846327.229885 -0.000404474 0.046207275 0.029228386 0.068753384 0.040922079 0.063592114 0.994763494
1341846327.262014 0.000002398 0.047399342 0.031092323 0.068497233 0.045232814 0.060388170 0.994794130
1341846327.294023 0.002471950 0.049276873 0.029236371 0.071816891 0.053648509 0.055589296 0.994421422
1341846327.330015 0.002085731 0.051388372 0.028506482 0.075594820 0.065017723 0.055022769 0.993494153
1341846327.361939 -0.000066916 0.046431251 0.029499881 0.070353054 0.072834454 0.048011366 0.993700385
1341846327.429966 -0.000607400 0.050025530 0.030758498 0.067902267 0.075994112 0.039896868 0.993993163
1341846327.461965 -0.001124321 0.058490310 0.031372778 0.060535289 0.071976870 0.036479272 0.994899035
1341846327.497931 -0.001394502 0.053474277 0.029897097 0.054450050 0.069714047 0.036834486 0.995398581
1341846327.530068 -0.001507778 0.055229463 0.029785851 0.053402398 0.070330128 0.039311156 0.995317280
1341846327.561895 -0.002140071 0.056930549 0.030964870 0.052806616 0.068294466 0.044257961 0.995283127
1341846327.598010 -0.002724605 0.057835646 0.031451050 0.054024816 0.065526843 0.048976801 0.995182812
1341846327.629945 -0.003208149 0.066266857 0.034237009 0.058258262 0.060712334 0.050314739 0.995182574
1341846327.662003 -0.003177684 0.066727191 0.034329772 0.057734750 0.057217080 0.046115093 0.995623529
1341846327.697919 -0.003049585 0.068720348 0.034076981 0.060520981 0.056038473 0.046039190 0.995528638
1341846327.730075 -0.003373959 0.071155190 0.034353234 0.057458423 0.054737102 0.048503138 0.995665491
1341846327.766017 -0.003596139 0.072636969 0.034721881 0.052978579 0.054484554 0.049018346 0.995902538
1341846327.797917 -0.004222921 0.074297823 0.035380673 0.049073279 0.054340634 0.051203366 0.996000588
1341846327.830054 -0.004327093 0.076598912 0.035053223 0.042892128 0.053684484 0.052421428 0.996258080
1341846327.865944 -0.003459034 0.077858344 0.034339078 0.038928207 0.054332029 0.051615104 0.996427834
1341846327.898010 -0.004096434 0.078800336 0.035994872 0.036526196 0.056011565 0.053017478 0.996352196
1341846327.929991 -0.004230173 0.081010781 0.035671912 0.033512946 0.054110717 0.052607782 0.996584833
1341846327.966065 -0.003762147 0.070170522 0.032189995 0.025344813 0.053932976 0.051160201 0.996910989
1341846327.998073 -0.003955980 0.084092103 0.035279885 0.023360871 0.054689802 0.048678197 0.997042477
1341846328.034045 -0.003813859 0.072337553 0.032005582 0.013244946 0.055929672 0.046492599 0.997263670
1341846328.065993 -0.003932458 0.072613433 0.032185163 0.007625679 0.056911580 0.046466548 0.997268140
1341846328.098045 -0.003977253 0.071501210 0.032577224 0.005290844 0.057729945 0.046751425 0.997222960
1341846328.133967 -0.004004567 0.071054906 0.032068405 0.008315899 0.056655075 0.049321447 0.997140110
1341846328.166023 -0.003808565 0.070767596 0.031756543 0.008027856 0.053175818 0.051237818 0.997237444
1341846328.198018 -0.004123408 0.069063947 0.031468026 0.006804924 0.050824102 0.048100390 0.997525394
1341846328.234044 -0.003893593 0.067110524 0.031178180 0.008895908 0.049236335 0.046892498 0.997646093
1341846328.265899 -0.003934341 0.065371335 0.030724742 0.010340692 0.047346454 0.047565855 0.997691751
1341846328.302051 -0.003831328 0.062912814 0.029935628 0.011767824 0.047219880 0.047685962 0.997676253
1341846328.333917 -0.003632744 0.060159862 0.029734468 0.014038109 0.047516562 0.049383011 0.997550189
1341846328.366008 -0.003435371 0.056965336 0.029272839 0.017766645 0.046676617 0.047329742 0.997629941
1341846328.402010 -0.003253042 0.053563304 0.029231338 0.029588016 0.048513904 0.049258322 0.997168303
1341846328.433920 -0.003704126 0.064119294 0.031784106 0.037412714 0.046974998 0.048885737 0.996997416
1341846328.470003 -0.002798167 0.053741612 0.028468369 0.033897806 0.045228168 0.043099243 0.997470737
1341846328.502194 -0.001852694 0.050042868 0.026160277 0.033549063 0.046966273 0.035289519 0.997709036
1341846328.534033 -0.001488394 0.046810046 0.026361741 0.033754814 0.049843650 0.031649180 0.997684598
1341846328.570125 -0.002085844 0.043303512 0.026598936 0.034513175 0.051196933 0.031687606 0.997588873
1341846328.602804 -0.002890097 0.039177686 0.024456738 0.038066573 0.047155339 0.033780955 0.997590184
1341846328.636433 -0.003486502 0.036279421 0.026907120 0.043552712 0.040406272 0.032758813 0.997696042
1341846328.672663 -0.001433705 0.033700272 0.026550032 0.047661126 0.033054594 0.031872679 0.997807562
1341846328.702975 -0.000879107 0.039729636 0.029252321 0.053274710 0.029143946 0.031326953 0.997662783
1341846328.738215 0.000217449 0.035696048 0.027109887 0.056071281 0.026576301 0.028146248 0.997676075
1341846328.770129 0.008778247 0.043279987 0.032583199 0.063964702 0.022907419 0.026133427 0.997346878
1341846328.802331 0.008504742 0.040703185 0.032888956 0.064152241 0.020119051 0.026861977 0.997375667
1341846328.838051 0.009613317 0.038334846 0.032016348 0.067140304 0.016968628 0.025458166 0.997274339
1341846328.869939 0.009782877 0.038320605 0.031234320 0.067950450 0.015960705 0.023056125 0.997294545
1341846328.904486 0.009303318 0.035828944 0.031302653 0.062908277 0.013547706 0.022171749 0.997681022
1341846328.939814 0.001066388 0.029074550 0.026621679 0.062253550 0.012638753 0.024228992 0.997686148
1341846328.970217 0.001871121 0.023034675 0.024635848 0.065387405 0.011389054 0.024696926 0.997489274
1341846329.006232 0.010908691 0.029594714 0.029748516 0.068925045 0.005452605 0.029950805 0.997157276
1341846329.038243 0.001975838 0.024508957 0.026359266 0.070489079 0.007076520 0.031664945 0.996984720
1341846329.072238 0.002287555 0.024665879 0.025589410 0.075162269 0.007595047 0.031416629 0.996647358
1341846329.106125 0.011959719 0.026405606 0.027558666 0.075068451 0.003856363 0.029657096 0.996729851
1341846329.138340 0.002174706 0.021372424 0.024982205 0.074631810 0.006508349 0.027629165 0.996807098
1341846329.169991 0.012336776 0.023620185 0.026469503 0.077699557 0.001829110 0.026572956 0.996620953
1341846329.208656 0.012570634 0.022250306 0.025946498 0.077726997 0.000946578 0.025087219 0.996658564
1341846329.238169 0.013082722 0.022512093 0.025385901 0.077750549 -0.000259880 0.025019806 0.996658802
1341846329.273827 0.012961994 0.020135347 0.026078265 0.075183980 -0.001405965 0.025928963 0.996831536
1341846329.306052 0.012537382 0.019867679 0.024706343 0.075923204 -0.003164378 0.024504792 0.996807516
1341846329.338104 0.013338534 0.019933317 0.024594402 0.072734490 -0.005409046 0.022585109 0.997080922
1341846329.373907 0.013019233 0.017005142 0.024383919 0.068231404 -0.005662010 0.020720184 0.997438312
1341846329.405985 0.013368651 0.015528024 0.023679940 0.069216475 -0.007439790 0.018044408 0.997410715
1341846329.442057 0.003479441 0.010452157 0.019782577 0.066891715 -0.004617518 0.014801648 0.997639716
1341846329.473950 0.012992396 0.012961119 0.023308335 0.067060322 -0.008422145 0.008121139 0.997680366
1341846329.506147 0.002944685 0.007657891 0.019017598 0.065529816 -0.007215101 0.005656010 0.997808516
1341846329.542121 0.002317035 0.005894047 0.018740514 0.063219681 -0.009691237 0.004829520 0.997940898
1341846329.574086 0.003102975 0.003134511 0.018700063 0.064414740 -0.012414343 0.003956765 0.997838140
1341846329.606387 0.003270898 0.003202296 0.018016407 0.067412287 -0.013096664 0.002886662 0.997635067
1341846329.641955 0.002427915 0.002568414 0.017527143 0.067229576 -0.013506079 0.002534081 0.997642875
1341846329.681570 0.001997723 0.000813965 0.017637309 0.065969184 -0.016192237 0.002809925 0.997686267
1341846329.748113 0.003352450 0.000001197 0.016890148 0.068032622 -0.017215656 0.000725488 0.997534275
1341846329.774077 0.003588824 -0.001757068 0.016823635 0.065457322 -0.015684325 0.003232852 0.997726858
1341846329.810175 0.013100130 0.001545574 0.020679442 0.067237444 -0.016911076 0.004724940 0.997582495
1341846329.842255 0.012814811 0.000271006 0.020577844 0.068590261 -0.016713105 0.007382816 0.997477591
1341846329.874044 0.012360699 -0.000583847 0.020258151 0.070299827 -0.016417732 0.010876865 0.997331500
1341846329.910073 0.012398742 0.000013498 0.020403791 0.071135819 -0.016991209 0.012753258 0.997240424
1341846329.942009 0.002786105 -0.001186148 0.017391294 0.065929770 -0.014702865 0.019677324 0.997521877
1341846330.016305 0.002987348 -0.003674460 0.016314302 0.065202214 -0.013943805 0.018673200 0.997599900
1341846330.048192 0.002363727 -0.002802858 0.016644428 0.061694738 -0.012193274 0.019930176 0.997821569
1341846330.115886 0.002518855 -0.008009593 0.016880238 0.058283288 -0.010898856 0.022751907 0.997981310
1341846330.147839 0.001787477 -0.005624287 0.015711125 0.061961357 -0.010159466 0.024295408 0.997731090
1341846330.181257 0.002557890 -0.003866682 0.015777931 0.057596888 -0.011768150 0.028404759 0.997866333
1341846330.215852 0.002216036 -0.005904439 0.015571729 0.050708167 -0.010262578 0.027546188 0.998280823
1341846330.283913 0.001396604 -0.004635795 0.015208007 0.045926180 -0.010264369 0.027246378 0.998520434
1341846330.316011 0.000858213 -0.006729373 0.015730267 0.038910508 -0.010605986 0.026142215 0.998844385
1341846330.347868 0.000492457 -0.007734841 0.015505420 0.036462359 -0.012088798 0.024538882 0.998960555
1341846330.415934 0.001257537 -0.010036567 0.015714398 0.033373695 -0.012217264 0.023643764 0.999088526
1341846330.452561 0.000265831 -0.010219171 0.015028160 0.036245883 -0.011853845 0.022097936 0.999028265
1341846330.483903 -0.000420393 -0.009819969 0.014438698 0.036474243 -0.013331122 0.024191292 0.998952806
1341846330.552099 -0.000089193 -0.011424645 0.014636630 0.035991341 -0.017209534 0.029709529 0.998762131
1341846330.583876 0.009478372 -0.008814716 0.016810670 0.036760412 -0.020522805 0.029434510 0.998679698
1341846330.619992 -0.001053854 -0.009023921 0.013117129 0.031822458 -0.018252235 0.030239770 0.998869240
1341846330.683796 -0.001001798 -0.010088707 0.012553463 0.020542363 -0.019794112 0.027524834 0.999213994
1341846330.719991 -0.002616305 -0.011927415 0.012606341 0.017243937 -0.020650197 0.027197642 0.999267995
1341846330.752103 -0.001965445 -0.009552198 0.012933597 0.019835398 -0.025069380 0.031128692 0.999004066
1341846330.819823 -0.002348480 -0.008902686 0.011589340 0.020820739 -0.034218606 0.035668161 0.998560667
1341846330.852208 -0.002074579 -0.007590453 0.011226135 0.021145692 -0.036239810 0.036592461 0.998449087
1341846330.914111 -0.002437453 -0.006004895 0.010407859 0.012454682 -0.039525241 0.036676653 0.998467565
1341846330.949903 -0.003639938 -0.007371139 0.010102976 0.008934832 -0.039551176 0.035874799 0.998533368
1341846330.981986 -0.004917806 -0.007399074 0.009753058 0.009808810 -0.043161754 0.036162712 0.998365223
1341846331.082139 -0.004660511 -0.007105785 0.008773196 0.011181150 -0.050519854 0.033775877 0.998089135
1341846331.114334 -0.004703566 -0.006696653 0.008171007 0.011097528 -0.052766565 0.033576820 0.997980535
1341846331.149989 -0.004497914 -0.007777391 0.008497697 0.010909041 -0.053909406 0.032244947 0.997965455
1341846331.181954 -0.004892527 -0.007832976 0.008014977 0.014146666 -0.053915292 0.030883962 0.997967541
1341846331.249914 -0.004309190 -0.007384438 0.007986559 0.011750704 -0.059356261 0.031029068 0.997685313
1341846331.282227 -0.001680089 -0.010123668 0.009745890 0.015421561 -0.056971844 0.029129334 0.997831583
1341846331.318141 -0.003393413 -0.007259945 0.008228424 0.022425573 -0.050110701 0.027316498 0.998118162
1341846331.349926 -0.002597806 -0.006696772 0.008237163 0.021723887 -0.047902528 0.026349001 0.998268127
1341846331.418008 -0.000502434 -0.008359938 0.010866854 0.030742891 -0.032453768 0.024927376 0.998689294
1341846331.450327 -0.001320191 -0.007007911 0.011453256 0.033396315 -0.026959274 0.025977014 0.998740733
1341846331.486219 -0.002414793 -0.006355262 0.011672350 0.033578321 -0.024347587 0.026810410 0.998779714
1341846331.518344 -0.001040530 -0.006636292 0.012041889 0.032148886 -0.024303369 0.025755884 0.998855591
1341846331.550202 -0.000121041 -0.007654087 0.013718177 0.034063268 -0.020256242 0.024382468 0.998916864
1341846331.617931 -0.000591634 -0.005488686 0.014938694 0.036452059 -0.018520586 0.025448438 0.998839676
1341846331.654027 0.000508446 -0.006668604 0.015578409 0.036266629 -0.016537182 0.025721304 0.998874247
1341846331.686123 -0.000320914 -0.005012256 0.016464898 0.039591514 -0.013178452 0.027494049 0.998750687
1341846331.717954 -0.000913094 -0.003610482 0.017299440 0.037039123 -0.014030706 0.028118620 0.998819649
1341846331.785920 0.000633070 -0.005580503 0.020126855 0.036603462 -0.011470453 0.025417207 0.998940706
1341846331.818053 0.000034457 -0.003768109 0.021509375 0.038218234 -0.009416252 0.025550772 0.998898327
1341846331.853849 0.000349722 -0.004863939 0.022912139 0.036325987 -0.009218694 0.025305783 0.998977005
1341846331.885987 0.001645365 -0.005274382 0.024276238 0.038913622 -0.007464880 0.023359921 0.998941600
1341846331.954037 0.001974490 -0.004077650 0.027026588 0.041389342 -0.001672327 0.022968436 0.998877645
1341846331.986135 0.002025632 -0.006443583 0.026117809 0.042376172 0.003487020 0.024949208 0.998784125
1341846332.054175 0.000194995 -0.007056137 0.028996298 0.054994505 0.009810038 0.026280763 0.998092532
1341846332.086502 0.000770673 -0.006211469 0.030420098 0.058424279 0.009437607 0.028443066 0.997841954
1341846332.153983 -0.000145976 -0.003625072 0.032723438 0.059601698 0.010591988 0.025137078 0.997849524
1341846332.190165 -0.000379116 -0.003313124 0.035319757 0.053551286 0.009019597 0.023290168 0.998252749
1341846332.222699 -0.000311115 -0.005298852 0.036894649 0.049768448 0.008700988 0.021461001 0.998492301
1341846332.254145 -0.000549228 -0.005722199 0.038614120 0.052467044 0.009381171 0.021195922 0.998353660
1341846332.322172 -0.000707959 -0.005388182 0.041074894 0.055393305 0.008712916 0.025022767 0.998113036
1341846332.354003 0.000668978 -0.006120697 0.041995645 0.057571605 0.009660637 0.023251889 0.998023868
1341846332.390180 0.000779753 -0.004194735 0.043261383 0.060287453 0.014063301 0.020519115 0.997871041
1341846332.458114 0.000763813 -0.004592554 0.045930814 0.057422854 0.018788734 0.013029858 0.998088121
1341846332.489993 -0.000578431 -0.004001906 0.047091242 0.058747731 0.021588832 0.014069742 0.997940242
1341846332.522130 -0.001486364 -0.003559329 0.047736555 0.058113519 0.018316291 0.019401189 0.997953355
1341846332.558114 -0.001476449 -0.003678513 0.049977798 0.058511987 0.012872846 0.025924496 0.997867048
1341846332.589874 0.000213885 -0.002104686 0.049977601 0.058997337 0.008757927 0.031302769 0.997728825
1341846332.621889 0.000877353 -0.002546848 0.046480931 0.054336879 0.008256834 0.033055399 0.997941196
1341846332.726000 0.000578995 -0.001851066 0.054727890 0.047923803 0.009107695 0.036727153 0.998134017
1341846332.758386 0.001716923 -0.003120070 0.051593464 0.047872014 0.005902277 0.038293298 0.998101711
1341846332.789937 0.003104845 -0.002066193 0.052119490 0.047688577 0.005757546 0.037210584 0.998152316
1341846332.825925 0.003349175 -0.002134955 0.053713806 0.045450989 0.008129222 0.035667546 0.998296499
1341846332.857898 0.003660651 -0.002412797 0.055214692 0.046158962 0.009301268 0.035331093 0.998265803
1341846332.926029 0.004517831 0.000054838 0.056358814 0.043940339 0.009181610 0.033955816 0.998414695
1341846332.958015 0.004757898 0.000186258 0.058324151 0.040992923 0.011701914 0.030992780 0.998610079
1341846332.994073 0.005063567 0.000796639 0.059593529 0.038529366 0.012887907 0.029201485 0.998747528
1341846333.026545 0.005539306 0.000940342 0.060735609 0.035906024 0.013900362 0.026903937 0.998896241
1341846333.057998 0.006342694 0.000900476 0.061177533 0.034730125 0.015648494 0.026629834 0.998919308
1341846333.094024 0.006524533 0.000989590 0.062244952 0.035128504 0.017379617 0.030324148 0.998771429
1341846333.126095 0.007454231 0.001506784 0.062827259 0.036094718 0.018217923 0.032973770 0.998638093
1341846333.161973 0.008006704 0.002401855 0.063364275 0.035351630 0.020867994 0.034431461 0.998563647
1341846333.195660 0.007618154 0.002516699 0.064755462 0.032874618 0.023570143 0.036205985 0.998525321
1341846333.226331 0.007833119 0.002761782 0.065290511 0.031722423 0.024115505 0.035925511 0.998559713
1341846333.262056 0.006938970 0.002577801 0.062856734 0.028629143 0.024514660 0.034526009 0.998692870
1341846333.394119 0.008238422 0.004002879 0.067095645 0.017623961 0.021886954 0.029805744 0.999160647
1341846333.429974 0.006829510 0.002576616 0.063885443 0.016093777 0.020255512 0.030200040 0.999209046
1341846333.462115 0.007817934 0.002213894 0.064393312 0.015539420 0.019593056 0.029652653 0.999247372
1341846333.494040 0.007588254 0.002203683 0.064644672 0.016284868 0.020866312 0.027278008 0.999277413
1341846333.529953 0.007912835 0.002364158 0.064087830 0.017316731 0.021752324 0.026834032 0.999253154
1341846333.562063 0.007783972 0.002701214 0.065061949 0.018683007 0.024381801 0.028646894 0.999117553
1341846333.594090 0.006837916 0.003297926 0.063201860 0.017776115 0.023648011 0.029805714 0.999117851
1341846333.629994 0.006723647 0.003563207 0.063720219 0.014068549 0.021576110 0.028556306 0.999260306
1341846333.662127 0.007709445 0.004082613 0.063534662 0.011930484 0.019137327 0.028059989 0.999351799
1341846333.697964 0.009164901 0.004795019 0.066139847 0.010343890 0.018631931 0.028049517 0.999379337
1341846333.730092 0.009106847 0.004156733 0.066833921 0.012278594 0.018693294 0.029373445 0.999318242
1341846333.762089 0.009016033 0.005910369 0.070480093 0.015438625 0.019431485 0.030638210 0.999222398
1341846333.798006 0.008749617 0.005067835 0.070074059 0.015913324 0.020440077 0.030680493 0.999193549
1341846333.830055 0.009538932 0.004170437 0.065524980 0.017843498 0.020584296 0.028881811 0.999211550
1341846333.866045 0.008438988 0.005403067 0.068885237 0.020009086 0.023006290 0.027635260 0.999153018
1341846333.897987 0.008231329 0.004881103 0.068566993 0.021235585 0.023269583 0.026365958 0.999155879
1341846333.930099 0.008506665 0.004662564 0.068124078 0.023934763 0.023472115 0.025086526 0.999123096
1341846333.965889 0.008127715 0.003069273 0.068598680 0.026042463 0.024711234 0.025334904 0.999034166
1341846333.997985 0.007074184 0.002054506 0.062303390 0.026798386 0.026354235 0.024626791 0.998989940
1341846334.030076 0.006418906 0.001596573 0.059226952 0.029831780 0.028094200 0.025453208 0.998835802
1341846334.066000 0.006001053 0.002133250 0.060931914 0.031852007 0.028084112 0.027008686 0.998732865
1341846334.097932 0.006124581 0.001448464 0.058023430 0.033345595 0.027763883 0.026741253 0.998700202
1341846334.133884 0.005602856 0.001287626 0.057236794 0.034685828 0.029131167 0.026700808 0.998616695
1341846334.166115 0.004897235 0.001501816 0.056643818 0.035347480 0.028386001 0.027573664 0.998591244
1341846334.198072 0.004957135 0.001290296 0.055655766 0.035455760 0.026629061 0.026890609 0.998654425
1341846334.234097 0.005404070 0.001433003 0.054831561 0.035914097 0.026537141 0.025974873 0.998664737
1341846334.297946 0.003496211 0.001038302 0.053698212 0.037187025 0.028180648 0.026970768 0.998546720
1341846334.334036 0.003598724 0.001302605 0.052804176 0.037553791 0.026136132 0.027941616 0.998561919
1341846334.365871 0.003751018 0.001435961 0.051976450 0.037214149 0.025909085 0.026511142 0.998619556
1341846334.401845 0.003272936 0.001318046 0.051245455 0.035793073 0.027099283 0.025087461 0.998676658
1341846334.433864 0.002254984 0.000709950 0.050589424 0.035361055 0.026860623 0.025280962 0.998693645
1341846334.502142 0.001859938 0.001303951 0.049055345 0.035392672 0.023979994 0.027219534 0.998714864
1341846334.540153 0.001750752 0.000981595 0.048167080 0.034593835 0.022718923 0.026095791 0.998802364
1341846334.566584 0.000995503 0.001693069 0.048061762 0.033853069 0.022124976 0.023066323 0.998915613
1341846334.602351 0.000737188 0.001338287 0.046706229 0.030392257 0.019632263 0.019062223 0.999163389
1341846334.670161 0.000275636 0.000856087 0.044790339 0.025042666 0.017211609 0.011780524 0.999468803
1341846334.702085 -0.000926261 0.000535398 0.044729266 0.023844888 0.016070206 0.011508080 0.999520302
1341846334.734751 -0.001065028 0.000427137 0.043607134 0.023780620 0.013313953 0.013321235 0.999539793
1341846334.770889 -0.001420533 0.000341354 0.042706434 0.023720246 0.011766563 0.015944254 0.999522209
1341846334.802194 -0.002193606 0.000544393 0.041751072 0.023601439 0.009774655 0.016860738 0.999531507
1341846334.833908 -0.001728565 0.000696891 0.040473748 0.023049692 0.007424412 0.015657701 0.999584138
1341846334.869874 -0.002079894 0.000829501 0.039572988 0.021658238 0.007258617 0.015318677 0.999621689
1341846334.938010 -0.002924216 0.000466179 0.037384830 0.019164760 0.002816985 0.015278535 0.999695659
1341846334.970032 -0.002778035 0.000393061 0.036472730 0.019100908 0.001713591 0.014242894 0.999714613
1341846335.002203 -0.003237787 -0.000205612 0.035738740 0.019957079 0.002341760 0.015053732 0.999684751
1341846335.037880 -0.004430893 0.000053644 0.034725435 0.023049565 0.000353528 0.017095769 0.999588072
1341846335.069990 -0.003880880 0.000359879 0.033392869 0.023416288 -0.003467781 0.017935514 0.999558926
1341846335.106038 -0.003498093 -0.000024122 0.032656062 0.023070158 -0.002852226 0.016314633 0.999596655
1341846335.138045 -0.004416025 -0.000210239 0.031847164 0.024736486 -0.000829425 0.014953541 0.999581814
1341846335.169900 -0.005374573 0.000334314 0.030853899 0.025695974 -0.002578299 0.014699322 0.999558389
1341846335.206091 -0.004645754 0.000278434 0.029305596 0.024577897 -0.005586621 0.012982868 0.999598026
1341846335.239365 -0.004500838 -0.000246134 0.028287411 0.023975460 -0.004688800 0.010523917 0.999646187
1341846335.269948 -0.005008268 -0.000593775 0.027459821 0.025413010 -0.002997329 0.009138007 0.999630749
1341846335.305972 -0.005854887 -0.000604008 0.026773063 0.027466388 -0.003779941 0.009174207 0.999573469
1341846335.338012 -0.005253143 -0.000616702 0.025590824 0.028883828 -0.006259418 0.011351213 0.999498725
1341846335.374005 -0.004558715 -0.002000229 0.024459975 0.031540144 -0.005268624 0.012541759 0.999409914
1341846335.406025 -0.004903336 -0.002012202 0.024527427 0.038319152 -0.002485745 0.014269551 0.999160588
1341846335.438079 -0.005091196 -0.000978027 0.022658516 0.044514056 -0.001735222 0.017692296 0.998850584
1341846335.473998 -0.004693359 -0.000577023 0.021794911 0.046831019 -0.000713015 0.019637717 0.998709500
1341846335.507038 -0.004931138 0.000292958 0.020556662 0.048175883 0.002077010 0.018009841 0.998674333
1341846335.538040 -0.005529938 0.000954010 0.019663522 0.047961585 0.004706880 0.015569509 0.998716772
1341846335.574119 -0.006522050 -0.000885525 0.018117160 0.044897936 0.005484109 0.015144269 0.998861730
1341846335.641978 -0.006134812 -0.001558009 0.016363384 0.043986347 0.005216254 0.012812293 0.998936355
1341846335.706178 -0.007141413 -0.001267209 0.014264207 0.043499261 0.005290481 0.012748192 0.998958111
1341846335.741982 -0.006547174 -0.001576669 0.013613262 0.043585282 0.004449039 0.012307526 0.998963952
1341846335.773960 -0.007004902 -0.001040190 0.012337377 0.044047810 0.005340079 0.011579340 0.998948038
1341846335.806271 -0.007314174 -0.000360076 0.011320395 0.042413961 0.004856280 0.011613711 0.999020815
1341846335.873966 -0.007194169 -0.001067237 0.009576276 0.040830068 0.006938288 0.011126978 0.999080062
1341846335.910005 -0.008111412 -0.000496527 0.008271127 0.040688891 0.007551623 0.012481176 0.999065340
1341846335.941936 -0.008090842 0.001818115 0.007762907 0.040513340 0.005337430 0.013700319 0.999070823
1341846335.974198 -0.007887142 0.001683389 0.006972338 0.040194169 0.004184657 0.012209187 0.999108553
1341846336.010032 -0.008409976 0.001952665 0.005878360 0.040154461 0.004489059 0.010454916 0.999128699
1341846336.042129 -0.009214109 0.001967308 0.004665061 0.039225757 0.003775920 0.010309392 0.999170065
1341846336.078076 -0.009325378 0.001645668 0.003953365 0.039136052 0.001729804 0.009746934 0.999184847
1341846336.110739 -0.008827508 0.001849895 0.003341716 0.039532110 0.001011664 0.008695407 0.999179959
1341846336.142002 -0.010478670 0.000866789 0.000969459 0.039164010 0.002123513 0.008870104 0.999191165
1341846336.210112 -0.010249782 0.002317596 0.000557641 0.037924431 -0.002674407 0.010776856 0.999218881
1341846336.241891 -0.010779142 0.001419750 -0.000939676 0.037098859 -0.001667443 0.010061217 0.999259531
1341846336.277946 -0.011877518 0.000788906 -0.001279345 0.037287831 -0.000640702 0.010971528 0.999244153
1341846336.309977 -0.012368068 0.000640323 -0.002142443 0.039840322 -0.002843347 0.013720336 0.999107778
1341846336.346143 -0.012099078 0.001143913 -0.003416398 0.041878745 -0.004581803 0.015340375 0.998994410
1341846336.377975 -0.012148439 0.001183953 -0.003841129 0.042716850 -0.004405396 0.014893698 0.998966455
1341846336.410032 -0.012199687 0.002350902 -0.003556347 0.044050366 -0.003566957 0.014939901 0.998911262
1341846336.446041 -0.012404887 0.002768212 -0.004648066 0.043671992 -0.004091343 0.014876859 0.998926759
1341846336.477990 -0.012427084 0.002781576 -0.004935053 0.042629093 -0.004210087 0.014621262 0.998975098
1341846336.510056 -0.012391650 0.002359158 -0.005959557 0.042729814 -0.003668171 0.014979091 0.998967648
1341846336.546024 -0.012900308 0.002361797 -0.006079919 0.043854382 -0.003275794 0.016194073 0.998901308
1341846336.578003 -0.012943432 0.003036117 -0.007508515 0.043838147 -0.003837645 0.018385271 0.998862088
1341846336.614020 -0.012584842 0.003293496 -0.008745454 0.042887241 -0.003602627 0.018424625 0.998903513
1341846336.645982 -0.013548438 0.002768429 -0.010577901 0.041978888 -0.001717588 0.016966622 0.998972952
1341846336.778014 -0.016228555 0.001879477 -0.012333859 0.047825929 -0.010391948 0.020817671 0.998584628
1341846336.820006 -0.015724871 0.001969393 -0.013574299 0.048092820 -0.014704970 0.023800669 0.998450935
1341846336.845952 -0.015150523 0.001744153 -0.013726446 0.048682101 -0.016479870 0.022828901 0.998417377
1341846336.882056 -0.016102660 0.001777176 -0.014572477 0.050733402 -0.016557936 0.022249697 0.998327017
1341846336.914273 -0.017695831 0.000577489 -0.015393130 0.052324504 -0.019957909 0.023892300 0.998144805
1341846336.945998 -0.017535832 -0.000031663 -0.015365691 0.058203686 -0.026384521 0.025412308 0.997632384
1341846337.014238 -0.017120637 0.003444532 -0.017100155 0.060442410 -0.033805493 0.022633573 0.997342288
1341846337.046017 -0.017106308 0.002619819 -0.017278489 0.057411745 -0.035301358 0.018780490 0.997549474
1341846337.082104 -0.017133731 0.002921354 -0.017921334 0.056843396 -0.035387442 0.014786296 0.997646213
1341846337.114317 -0.017607074 0.003008163 -0.018241579 0.055111356 -0.037447084 0.014198847 0.997676730
1341846337.150037 -0.017150680 0.003182735 -0.018390076 0.053634744 -0.039536055 0.013059052 0.997692168
1341846337.181873 -0.017047336 0.003209474 -0.018809507 0.053061128 -0.039341945 0.010027981 0.997765541
1341846337.214073 -0.016826460 0.004210501 -0.019462159 0.051202752 -0.038070943 0.008290156 0.997927904
1341846337.250087 -0.017533435 0.003430493 -0.019247375 0.047969501 -0.038558669 0.008668153 0.998066664
1341846337.450137 -0.017934194 0.003585318 -0.022074781 0.045948554 -0.044676598 0.011581466 0.997877002
1341846337.482096 -0.016949022 0.004069125 -0.021062022 0.044583496 -0.045524076 0.012721207 0.997886777
1341846337.518008 -0.017296763 0.002620240 -0.021584375 0.044764243 -0.045688801 0.012949629 0.997868240
1341846337.549978 -0.017034402 0.004158480 -0.021571249 0.046025056 -0.046532474 0.011310829 0.997791767
1341846337.585971 -0.017009376 0.003884299 -0.021715024 0.043031543 -0.046922959 0.010295606 0.997918129
1341846337.617903 -0.017115474 0.001988719 -0.020353181 0.043300048 -0.047565613 0.010194902 0.997877121
1341846337.650141 -0.016529515 0.003301733 -0.021563100 0.046426374 -0.048009034 0.010013831 0.997717142
1341846337.686352 -0.016520265 0.003760232 -0.021779394 0.044990107 -0.047743324 0.010298529 0.997792780
1341846337.718002 -0.016156148 0.003420482 -0.021594116 0.042768605 -0.047625799 0.010477586 0.997894228
1341846337.749920 -0.015842622 0.003846135 -0.020240603 0.043041360 -0.045975812 0.010025823 0.997964501
1341846337.786157 -0.015689854 0.004534977 -0.019887652 0.040443275 -0.043130588 0.009746615 0.998202920
1341846337.817945 -0.016173992 0.003378856 -0.019979641 0.037211642 -0.041158598 0.011423866 0.998394132
1341846337.854071 -0.015079521 0.004818719 -0.019344470 0.036848057 -0.038313556 0.011487827 0.998520076
1341846337.885951 -0.015570613 0.006039336 -0.019053057 0.034220450 -0.035453539 0.009555629 0.998739541
1341846337.985994 -0.014607413 0.006539696 -0.016801285 0.025338512 -0.032427534 0.006946600 0.999128699
1341846338.018107 -0.014711576 0.005753400 -0.016586797 0.021475691 -0.030580882 0.007683484 0.999272048
1341846338.054055 -0.014287177 0.006299164 -0.016134184 0.019509746 -0.029422972 0.007192209 0.999350727
1341846338.085986 -0.013556667 0.006485076 -0.014796296 0.016012788 -0.026614230 0.006965077 0.999493241
1341846338.121875 -0.013769054 0.005866944 -0.014723534 0.013770356 -0.024115983 0.008459916 0.999578536
1341846338.154089 -0.014253518 0.006023157 -0.013848928 0.013106938 -0.023239465 0.011341771 0.999579668
1341846338.186029 -0.014165231 0.006352198 -0.013075629 0.012103887 -0.023936899 0.014327857 0.999537528
1341846338.222071 -0.013356603 0.006797001 -0.012082869 0.011039886 -0.023218328 0.014294169 0.999567270
1341846338.254107 -0.013614805 0.006544271 -0.011089705 0.009215879 -0.020946894 0.014011902 0.999639928
1341846338.290130 -0.014480880 0.005922685 -0.010999586 0.009353303 -0.020686660 0.015844155 0.999616683
1341846338.321952 -0.014090015 0.006472422 -0.009919757 0.009826123 -0.020072531 0.018039390 0.999587476
1341846338.354022 -0.013999286 0.006140897 -0.009278427 0.008779819 -0.019565880 0.018600482 0.999596953
1341846338.389969 -0.013734691 0.006963231 -0.008588857 0.009001210 -0.018780740 0.018841291 0.999605536
1341846338.422377 -0.013178241 0.007029118 -0.006788275 0.007068392 -0.018450847 0.019067178 0.999622941
1341846338.522066 -0.012403113 0.006477297 -0.003732291 0.004748564 -0.019515987 0.018246027 0.999631763
1341846338.558058 -0.012511008 0.007618716 -0.003073099 0.005030463 -0.019262830 0.017040495 0.999656558
1341846338.589842 -0.012088228 0.007501772 -0.001851466 0.002722903 -0.019797167 0.016918486 0.999657154
1341846338.622019 -0.011398870 0.006632690 -0.000749643 0.002779361 -0.019251797 0.018327706 0.999642789
1341846338.657984 -0.011811391 0.007646875 -0.000313729 0.003831201 -0.018986464 0.019977823 0.999612808
1341846338.690198 -0.011033678 0.008281536 0.001243455 0.002198226 -0.020376511 0.019994892 0.999589980
1341846338.722454 -0.010327002 0.007412042 0.002335889 0.000707970 -0.019616384 0.020056877 0.999606133
1341846338.757945 -0.011393734 0.008267181 0.002234539 0.001649211 -0.018578941 0.020955790 0.999606371
1341846338.790039 -0.011110325 0.008303157 0.003081086 -0.000593412 -0.021076143 0.022450188 0.999525607
1341846338.826048 -0.010243357 0.007913616 0.004859687 -0.000456939 -0.020941544 0.021183020 0.999556184
1341846338.858027 -0.010508120 0.008530127 0.005237918 -0.000059345 -0.018892139 0.019708060 0.999627292
1341846338.889902 -0.010278471 0.008667915 0.006621663 -0.002539821 -0.019798173 0.019401843 0.999612510
1341846338.925948 -0.009360953 0.008162202 0.008206261 -0.003678573 -0.020073075 0.018344196 0.999623418
1341846338.958108 -0.009341922 0.008469318 0.009116263 -0.003139058 -0.017648261 0.016575772 0.999701917
1341846338.990057 -0.009205947 0.008131165 0.010165741 -0.002883965 -0.017745906 0.017604522 0.999683380
1341846339.025928 -0.008603920 0.007883236 0.012644818 -0.000960777 -0.017444063 0.018748960 0.999671578
1341846339.057939 -0.008560084 0.008254283 0.012093117 0.001924133 -0.014814571 0.018385528 0.999719381
1341846339.093927 -0.009129242 0.009452000 0.012849734 0.001660299 -0.014638032 0.019230437 0.999706566
1341846339.126562 -0.008097921 0.009595668 0.013577722 -0.001555418 -0.016604003 0.018781632 0.999684513
1341846339.157969 -0.007126033 0.009473576 0.015220738 -0.004249474 -0.014600932 0.016614607 0.999746323
1341846339.194113 -0.007944587 0.010000263 0.014943606 -0.005731767 -0.012384463 0.016467065 0.999771297
1341846339.228165 -0.007572242 0.010694110 0.016956780 -0.008676498 -0.014853812 0.019401092 0.999663770
1341846339.257998 -0.006433442 0.010253775 0.018939566 -0.011705124 -0.015267394 0.020532636 0.999604106
1341846339.294132 -0.006495872 0.010659528 0.019393867 -0.011438311 -0.012485333 0.021048168 0.999635100
1341846339.326577 -0.007626988 0.012102793 0.017661646 -0.013993564 -0.012453347 0.022505714 0.999571204
1341846339.362269 -0.005999024 0.011377268 0.020280875 -0.019498741 -0.016867835 0.023031062 0.999402225
1341846339.394725 -0.005394493 0.011229111 0.021470059 -0.020260056 -0.015061589 0.021758445 0.999444485
1341846339.426160 -0.005627691 0.011723349 0.021875389 -0.021731732 -0.014867823 0.022247175 0.999405682
1341846339.462186 -0.004453940 0.011397281 0.023924761 -0.023675675 -0.016986415 0.022585850 0.999320209
1341846339.496743 -0.003611143 0.010972675 0.024863768 -0.021138225 -0.013839782 0.020371757 0.999473155
1341846339.530143 -0.004329848 0.011670581 0.025565406 -0.019582799 -0.009167333 0.020295741 0.999560177
1341846339.562052 -0.004233778 0.010838753 0.026317451 -0.019950926 -0.009519911 0.021531874 0.999523759
1341846339.595122 -0.002947465 0.011106528 0.027860882 -0.017629156 -0.010195780 0.021903299 0.999552667
1341846339.632085 -0.002327718 0.011113442 0.028555207 -0.016394587 -0.006962669 0.020300034 0.999635279
1341846339.664568 -0.002319899 0.011277199 0.029349038 -0.015878884 -0.003753565 0.017612007 0.999711752
1341846339.698896 -0.002029148 0.011203172 0.031024557 -0.015818210 -0.002671955 0.016378291 0.999737203
1341846339.731977 -0.001676881 0.010997729 0.031888153 -0.015896803 -0.002551470 0.015310111 0.999753177
1341846339.762241 -0.000989761 0.010758644 0.032989457 -0.015660496 -0.001711422 0.014567903 0.999769747
1341846339.797873 -0.000752289 0.011460879 0.034400392 -0.015380772 -0.001259184 0.016098712 0.999751329
1341846339.830245 -0.000238979 0.011343645 0.035227217 -0.015735658 -0.002233076 0.016531518 0.999737024
1341846339.862015 0.000096088 0.010610301 0.035476718 -0.016249955 -0.002038793 0.016354376 0.999732137
1341846339.897797 0.000720923 0.010758307 0.036115207 -0.017127356 -0.001141522 0.015613931 0.999730766
1341846339.929916 0.000581391 0.010135686 0.036247946 -0.018043622 0.000097369 0.016958129 0.999693394
1341846339.961960 0.000894601 0.009861514 0.036387261 -0.017156517 -0.000817860 0.018649396 0.999678552
1341846339.997845 0.001751311 0.010025034 0.037777755 -0.015349615 -0.000377806 0.018700035 0.999707222
1341846340.029925 0.001967545 0.009643607 0.038379584 -0.014927073 0.002166097 0.019930603 0.999687552
1341846340.066044 0.002148793 0.009517240 0.039115563 -0.012919100 0.003507249 0.020973880 0.999690413
1341846340.098009 0.002462966 0.009811186 0.039597414 -0.011751771 0.003780328 0.022131996 0.999678850
1341846340.130102 0.002846862 0.009812441 0.040395364 -0.012444284 0.003363630 0.021116979 0.999693930
1341846340.166041 0.003323046 0.009293885 0.041047253 -0.012093113 0.005360749 0.019614764 0.999720097
1341846340.197867 0.003135111 0.009661962 0.042118333 -0.010324607 0.008366244 0.018936500 0.999732375
1341846340.229904 0.003344247 0.009974368 0.042977873 -0.011228464 0.008038017 0.019093260 0.999722362
1341846340.265859 0.004190132 0.009447129 0.043522209 -0.012414330 0.008345406 0.018853325 0.999710381
1341846340.298061 0.004188178 0.009569809 0.044507638 -0.010105405 0.010807398 0.018845968 0.999712884
1341846340.334063 0.003857232 0.010257756 0.045066420 -0.010310985 0.010610561 0.020045869 0.999689579
1341846340.366064 0.004516650 0.009797251 0.045441058 -0.012563934 0.007982937 0.020215843 0.999684811
1341846340.397995 0.005067586 0.009557097 0.045872353 -0.010869391 0.008207508 0.019752324 0.999712169
1341846340.433895 0.004778480 0.009605793 0.046190668 -0.010239249 0.008639010 0.019964470 0.999710917
1341846340.465959 0.004509203 0.009633366 0.046208832 -0.009708590 0.006380932 0.021523692 0.999700844
1341846340.501858 0.005042520 0.009541188 0.046164669 -0.008952878 0.002614510 0.022362247 0.999706447
1341846340.534329 0.005607374 0.009777919 0.046267193 -0.008241089 0.000745201 0.021885391 0.999726236
1341846340.566041 0.006109107 0.009319343 0.046642479 -0.007305059 -0.000371355 0.022305679 0.999724448
1341846340.601909 0.006610679 0.009371522 0.046303123 -0.004731711 -0.001329037 0.023054611 0.999722123
1341846340.634005 0.006921554 0.009769800 0.045882270 -0.003548184 -0.001926587 0.022077331 0.999748111
1341846340.666028 0.007595561 0.009354288 0.045736562 -0.004266925 -0.002236832 0.020526502 0.999777675
1341846340.701946 0.008259567 0.009307845 0.045424320 -0.002383256 -0.001300830 0.018536296 0.999824524
1341846340.733954 0.008203393 0.009577165 0.045381155 -0.001053314 0.000574903 0.016705966 0.999859750
1341846340.770081 0.008225232 0.009765222 0.044998568 -0.001643628 0.001244015 0.014413126 0.999894023
1341846340.801980 0.008696529 0.009606304 0.045139693 -0.001691788 0.001663008 0.009735333 0.999949753
1341846340.833999 0.008910107 0.009866675 0.044692554 -0.001790710 0.004098009 0.005288815 0.999975979
1341846340.870013 0.008418533 0.009712656 0.044889335 -0.003097139 0.004679050 0.002964196 0.999979854
1341846340.901955 0.008646849 0.009307049 0.045001425 -0.002685615 0.004206402 0.002623667 0.999984086
1341846340.933918 0.008447151 0.009226428 0.044746336 -0.000892344 0.003858652 0.004688292 0.999981165
1341846340.970122 0.008189104 0.009567881 0.044527452 0.000827392 0.001313914 0.008895151 0.999959230
1341846341.001922 0.008272114 0.009006591 0.043626904 0.001462098 -0.002819065 0.014074716 0.999895930
1341846341.037923 0.008393426 0.009365206 0.043513529 0.003219605 -0.005530930 0.017165776 0.999832153
1341846341.070300 0.008421871 0.009094764 0.043446369 0.003521927 -0.006357814 0.017354516 0.999822974
1341846341.102028 0.008092544 0.009048027 0.043196179 0.003347932 -0.007356028 0.017589921 0.999812603
1341846341.137982 0.008005229 0.009008927 0.043049000 0.003514277 -0.009101439 0.017560739 0.999798179
1341846341.170048 0.008688269 0.008728147 0.042811718 0.003631785 -0.010489861 0.019071620 0.999756455
1341846341.202110 0.008440517 0.008555394 0.042394761 0.004927646 -0.010509046 0.020818461 0.999715865
1341846341.237996 0.008723140 0.008615137 0.042354684 0.006754779 -0.010596213 0.021540280 0.999688983
1341846341.269883 0.008300906 0.008693564 0.042071152 0.007970386 -0.009582648 0.021607144 0.999688864
1341846341.306107 0.008295254 0.008630061 0.041768368 0.008562544 -0.010200019 0.020773318 0.999695539
1341846341.338109 0.008309468 0.008614914 0.041658618 0.009230267 -0.009797051 0.018949950 0.999729812
1341846341.370120 0.008322672 0.008619016 0.041622050 0.009900210 -0.008535862 0.016473105 0.999778867
1341846341.406074 0.008226406 0.008499755 0.041356813 0.009787996 -0.008048651 0.015642593 0.999797344
1341846341.438113 0.007731063 0.007920927 0.041617174 0.010419512 -0.009331618 0.015620629 0.999780178
1341846341.470024 0.008243497 0.007955376 0.041180462 0.013277387 -0.010133350 0.014433443 0.999756336
1341846341.506077 0.007869883 0.008675170 0.040904965 0.013764144 -0.008721538 0.013174203 0.999780416
1341846341.538156 0.007486636 0.008472902 0.041631110 0.012829165 -0.010090915 0.012676747 0.999786437
1341846341.574016 0.007605623 0.008294551 0.040834401 0.013583725 -0.012398160 0.013732249 0.999736547
1341846341.612466 0.007472757 0.008631778 0.040639982 0.014424977 -0.013118646 0.014603297 0.999703228
1341846341.643972 0.007356893 0.008790657 0.040598217 0.013591960 -0.014331177 0.013673360 0.999711394
1341846341.679982 0.007003032 0.008651735 0.040680636 0.013370130 -0.015347973 0.013661423 0.999699473
1341846341.712332 0.006644368 0.008695504 0.040505849 0.014094745 -0.017302820 0.016645361 0.999612331
1341846341.744185 0.006809984 0.008631395 0.040162597 0.014388944 -0.019426441 0.018580772 0.999535084
1341846341.780061 0.006971737 0.008771227 0.040054154 0.014933146 -0.020334270 0.020178854 0.999478042
1341846341.812163 0.006977123 0.008417719 0.039637450 0.014861525 -0.021065397 0.021838170 0.999429047
1341846341.842595 0.007352315 0.008004741 0.039657325 0.016572230 -0.021477927 0.024872480 0.999322474
1341846341.875779 0.006870796 0.008136552 0.039142877 0.018436639 -0.021270458 0.028062986 0.999209762
1341846341.906227 0.007354571 0.007544003 0.039088894 0.019552067 -0.022242561 0.030234139 0.999104023
1341846341.942069 0.007420253 0.006782782 0.038762871 0.022199757 -0.022218963 0.031811316 0.999000251
1341846341.974775 0.007382858 0.007024707 0.038323101 0.025866831 -0.022224292 0.033246953 0.998865187
1341846342.010161 0.006883906 0.007165030 0.038084239 0.026735278 -0.023044562 0.034794360 0.998771012
1341846342.042024 0.008038083 0.006269261 0.038086202 0.027478570 -0.025081482 0.035938751 0.998661220
1341846342.080032 0.007983930 0.006772429 0.037648395 0.030162884 -0.022553647 0.035372987 0.998664260
1341846342.112265 0.007626606 0.006277086 0.037621245 0.030014412 -0.021551523 0.037142389 0.998626649
1341846342.147954 0.007840876 0.005524762 0.038088180 0.031678192 -0.023009457 0.039533265 0.998450875
1341846342.179852 0.008262597 0.005891836 0.037830319 0.034902330 -0.022802379 0.040928833 0.998291910
1341846342.211848 0.008140143 0.005959837 0.038379248 0.035759460 -0.022102563 0.040735219 0.998285234
1341846342.247920 0.008251636 0.005568343 0.038261853 0.036489461 -0.022081885 0.039466176 0.998310268
1341846342.279870 0.008372897 0.005471346 0.037899103 0.037898220 -0.021643510 0.039843131 0.998252392
1341846342.316068 0.008260841 0.005545276 0.037936918 0.039255463 -0.021235939 0.040644672 0.998176396
1341846342.347894 0.008398080 0.005915506 0.037570972 0.040000912 -0.021445408 0.040883780 0.998132527
1341846342.379953 0.008750603 0.005756837 0.037472945 0.039950158 -0.021167934 0.040796075 0.998144090
1341846342.416195 0.008230231 0.005651544 0.037412047 0.040528178 -0.020450620 0.041673921 0.998099506
1341846342.447907 0.008424749 0.005827869 0.037413791 0.040751781 -0.021502223 0.043112323 0.998007178
