1341846317.005913 0.385264575 -0.034144673 0.032259475 0.017046776 0.067711793 0.029195802 0.997131944
1341846317.037936 0.381985575 -0.035788190 0.032936148 0.017124783 0.065891080 0.028053997 0.997285366
1341846317.073972 0.381125122 -0.036635414 0.032750912 0.018091159 0.063649192 0.029189033 0.997381330
1341846317.106113 0.149639532 -0.073652439 0.052600697 0.019856675 0.064910911 0.032507762 0.997163773
1341846317.137887 0.368592948 -0.039562821 0.029221121 0.022938021 0.057942517 0.036232878 0.997398436
1341846317.173970 0.369323522 -0.037037022 0.030906502 0.024692953 0.050395951 0.038903221 0.997665763
1341846317.205887 0.103922233 -0.066010274 0.045947663 0.024618687 0.049891345 0.039127659 0.997684181
1341846317.248131 0.081483535 -0.071953945 0.044661939 0.025616014 0.047830820 0.040603403 0.997701049
1341846317.273950 0.071526080 -0.066503271 0.046365067 0.027219208 0.043507636 0.043080408 0.997752607
1341846317.306289 0.070403367 -0.066945016 0.037051275 0.027534047 0.040954735 0.045482147 0.997745395
1341846317.348137 0.072401054 -0.073659629 0.044314936 0.028432056 0.041482661 0.047147997 0.997621059
1341846317.373974 0.051505145 -0.067182519 0.037958384 0.030212980 0.042870611 0.049890500 0.997376680
1341846317.410120 0.028762728 -0.062907718 0.045237601 0.030596508 0.041952528 0.052278291 0.997281730
1341846317.442569 0.094181769 -0.069993883 0.067305312 0.032786392 0.040250439 0.054705791 0.997152030
1341846317.474010 0.347131580 -0.042192943 0.034564473 0.037744425 0.040115058 0.058794439 0.996749401
1341846317.509927 -0.019196179 -0.067232721 0.045868665 0.041724913 0.041472331 0.060682461 0.996421933
1341846317.542282 0.034099292 -0.053904265 0.048686542 0.041251365 0.037103970 0.061993413 0.996533215
1341846317.573943 0.041208904 -0.063607208 0.052772176 0.040648151 0.037122827 0.061023675 0.996617138
1341846317.610159 0.017720113 -0.071650781 0.067649379 0.042884991 0.039945588 0.060883053 0.996422887
1341846317.643553 -0.017752731 -0.065561980 0.056906823 0.045662344 0.040526822 0.063463919 0.996114850
1341846317.677993 -0.037856165 -0.073882043 0.058542769 0.045926664 0.037723470 0.065509051 0.996080458
1341846317.709996 -0.042513847 -0.072212487 0.069755964 0.048807051 0.034855124 0.065431692 0.996053040
1341846317.741834 -0.070334554 -0.054586302 0.045608383 0.049385514 0.034550440 0.065205425 0.996050000
1341846317.777923 -0.096204884 -0.053617571 0.077475481 0.048092358 0.034051500 0.064598128 0.996170044
1341846317.810021 -0.110044777 -0.061895672 0.071667552 0.047235671 0.032529190 0.061816540 0.996438324
1341846317.841886 -0.126799226 -0.048178539 0.069652312 0.047448326 0.031558122 0.061338734 0.996488988
1341846317.878017 -0.141674981 -0.051065192 0.071538739 0.044757493 0.031524587 0.057811800 0.996825397
1341846317.909910 -0.148232609 -0.061155971 0.069852635 0.043506142 0.032648720 0.054271571 0.997043610
1341846317.946031 -0.173716113 -0.061368339 0.090218365 0.044902924 0.034411602 0.054807555 0.996893048
1341846317.978041 -0.195012897 -0.072745852 0.078563705 0.046497282 0.033465721 0.055558905 0.996810555
1341846318.009897 -0.191513017 -0.068337753 0.076769397 0.049071133 0.033010419 0.054025155 0.996786654
1341846318.045949 -0.222729489 -0.057613540 0.071454689 0.049741015 0.035087477 0.052321974 0.996773362
1341846318.078074 -0.251160473 -0.058520578 0.088310383 0.048956435 0.034524594 0.050456803 0.996928036
1341846318.109894 -0.274657756 -0.061874352 0.085636139 0.048573080 0.030931385 0.048726462 0.997150779
1341846318.145957 -0.144050494 -0.054409917 0.081732079 0.048187949 0.029626176 0.046398919 0.997320116
1341846318.178001 -0.296736479 -0.067141883 0.081574112 0.046816945 0.028993262 0.043171756 0.997548878
1341846318.214074 -0.154132843 -0.057158891 0.084205605 0.047830086 0.029787509 0.042475078 0.997507334
1341846318.245970 -0.159960061 -0.061320189 0.081602231 0.049886335 0.024791503 0.043375272 0.997504532
1341846318.278018 -0.163501233 -0.060716167 0.081997082 0.054036818 0.020217583 0.043246608 0.997397125
1341846318.313937 -0.170723349 -0.060471799 0.076883338 0.055795584 0.015321334 0.043123595 0.997392833
1341846318.345989 -0.177070037 -0.061369874 0.080075346 0.057176173 0.007741970 0.041057970 0.997489452
1341846318.382046 -0.177685872 -0.061658941 0.075021766 0.059165195 -0.000646827 0.040369704 0.997431397
1341846318.414072 -0.183993757 -0.063168079 0.073401079 0.060154933 -0.006138745 0.039988302 0.997368872
1341846318.446035 -0.184522063 -0.063966937 0.074152783 0.062372591 -0.013012678 0.041032188 0.997124195
1341846318.482196 -0.186847508 -0.062319856 0.071360156 0.064113386 -0.015317583 0.040730271 0.996993423
1341846318.514144 -0.190248817 -0.063074388 0.070936635 0.064049065 -0.016654188 0.041406821 0.996948242
1341846318.546259 -0.451128453 -0.103765801 0.059044436 0.064858586 -0.020205883 0.039435923 0.996910155
1341846318.582042 -0.193126470 -0.062472116 0.068207256 0.067050792 -0.017845852 0.041017968 0.996746361
1341846318.614115 -0.198027134 -0.062078621 0.070569120 0.066727087 -0.017420091 0.040368401 0.996802092
1341846318.650038 -0.493531495 -0.087595791 0.069454953 0.066418752 -0.020920500 0.036007803 0.996922433
1341846318.682350 -0.522081375 -0.086092845 0.061917972 0.066024587 -0.020426625 0.033687741 0.997039914
1341846318.714063 -0.541684687 -0.087255433 0.056438081 0.065497540 -0.021247828 0.032906879 0.997083604
1341846318.749905 -0.551184118 -0.096466660 0.056432836 0.065946490 -0.021537395 0.034358371 0.996998847
1341846318.782036 -0.580491066 -0.091375723 0.059374798 0.068022452 -0.021367313 0.036285516 0.996794760
1341846318.814121 -0.615098774 -0.097156949 0.052741524 0.067730680 -0.025049942 0.035210341 0.996767402
1341846318.850072 -0.635038793 -0.101790048 0.046405550 0.067941085 -0.030652061 0.031967785 0.996705830
1341846318.883516 -0.673439026 -0.130327582 -0.007259864 0.069273300 -0.036870133 0.029766267 0.996471643
1341846318.918047 -0.705188513 -0.096982963 0.044791408 0.074468128 -0.046842139 0.029100077 0.995697498
1341846318.950044 -0.674408734 -0.116252795 -0.039677646 0.074629128 -0.059235953 0.026068872 0.995109022
1341846318.982028 -0.689782083 -0.102972172 0.029040486 0.077354804 -0.062526278 0.022100136 0.994795620
1341846319.018123 -0.795069337 -0.095969044 0.034514830 0.077417016 -0.064654648 0.021446940 0.994668961
1341846319.050745 -0.736412883 -0.144477561 0.006666906 0.076636828 -0.073454320 0.021926776 0.994107902
1341846319.081905 -0.762464583 -0.116296075 0.026671723 0.083483808 -0.074327894 0.020393126 0.993524015
1341846319.117976 -0.754810512 -0.098657101 0.033512115 0.086411975 -0.073226675 0.023849940 0.993278444
1341846319.150093 -0.777386427 -0.116371840 0.011935145 0.087700225 -0.077313855 0.031516664 0.992641926
1341846319.186069 -0.747967482 -0.082107753 0.042145200 0.090517826 -0.080197103 0.032144953 0.992139935
1341846319.218149 -0.747843266 -0.036259089 0.061590441 0.088813931 -0.075396486 0.030012345 0.992736995
1341846319.250034 -0.747382283 -0.035967425 0.097226456 0.083013251 -0.069801077 0.029672015 0.993657947
1341846319.286594 -0.776508868 -0.059164219 0.091208629 0.080241680 -0.066237144 0.033520054 0.994007230
1341846319.318034 -0.785344124 -0.068159066 0.084500819 0.080752619 -0.065609679 0.037544645 0.993863523
1341846319.350268 -0.828544021 -0.068517253 0.083842821 0.081417128 -0.064115584 0.043432221 0.993667006
1341846319.386163 -0.866072655 -0.100859113 0.049071632 0.082359269 -0.067126669 0.050064657 0.993078291
1341846319.418386 -0.911642194 -0.090609424 0.070569769 0.084037662 -0.072207540 0.051745363 0.992494941
1341846319.453961 -0.863376200 -0.067590229 0.109259218 0.085139699 -0.075901084 0.048174281 0.992305100
1341846319.486271 -0.892457843 -0.073461860 0.079144821 0.084110759 -0.075240336 0.046886347 0.992504895
1341846319.518456 -0.934797764 -0.068705261 0.030774206 0.080936931 -0.077607773 0.048457950 0.992510974
1341846319.554083 -0.921597183 -0.077677578 0.080685347 0.078475051 -0.081170082 0.046368569 0.992523551
1341846319.586296 -0.954814613 -0.083614841 0.054409504 0.078634605 -0.079625726 0.042078473 0.992827177
1341846319.622031 -0.998486817 -0.080709800 0.016557962 0.077074111 -0.081686251 0.038873103 0.992912829
1341846319.653962 -1.006681442 -0.096551538 0.032183170 0.075825326 -0.086961806 0.037776373 0.992603183
1341846319.686352 -1.023355126 -0.099771500 0.026978746 0.077488467 -0.090728708 0.039437417 0.992072821
1341846319.721992 -1.042700291 -0.079245135 0.017854616 0.078932159 -0.094548278 0.040193327 0.991571903
1341846319.754063 -0.965384543 -0.043726914 -0.009312943 0.076389030 -0.099146701 0.039651006 0.991343737
1341846319.786397 -1.063821197 -0.053969447 0.010762677 0.071887784 -0.096956283 0.043414574 0.991739273
1341846319.822008 -1.085979939 -0.054899171 -0.006468788 0.068606175 -0.097239994 0.048093405 0.991728127
1341846319.853917 -1.098777533 -0.045820516 -0.007852420 0.063970208 -0.098061875 0.051725745 0.991774261
1341846319.889942 -1.117522836 -0.080382332 -0.013191715 0.059759825 -0.098097995 0.056330625 0.991782427
1341846319.922039 -1.139080644 -0.099254236 -0.013967991 0.059083883 -0.101785623 0.058056191 0.991351724
1341846319.953946 -1.136248589 -0.104425214 0.004544616 0.059675466 -0.108103000 0.055089094 0.990816712
1341846319.990054 -1.128035545 -0.101696759 0.005675435 0.062237717 -0.111520357 0.047545116 0.990671098
1341846320.028122 -1.153272986 -0.109924331 -0.023897305 0.063964806 -0.114265122 0.045391124 0.990349233
1341846320.054177 -1.133599162 -0.108563110 -0.019804090 0.067268603 -0.120793864 0.045889605 0.989332080
1341846320.090047 -1.098253131 -0.076399237 -0.006940663 0.070240833 -0.123684801 0.046317670 0.988748193
1341846320.122011 -1.075625777 -0.074783862 -0.002803057 0.070868202 -0.122163095 0.047378421 0.988842368
1341846320.157952 -1.048385620 -0.074474797 0.020711929 0.071341880 -0.120014541 0.048020847 0.989040375
1341846320.190003 -1.152297854 -0.116892919 0.038049787 0.073177949 -0.114311405 0.047480516 0.989607751
1341846320.221941 -1.154120326 -0.115158923 0.047134638 0.077510655 -0.110512391 0.048239905 0.989672661
1341846320.258015 -1.135725021 -0.125382751 0.064445540 0.081429072 -0.110052980 0.050900623 0.989275873
1341846320.289887 -1.101261973 -0.151336998 0.080685988 0.085930325 -0.111882351 0.052163843 0.988623917
1341846320.321954 -1.052593827 -0.153655156 0.113937661 0.094720170 -0.114626892 0.051472571 0.987542033
1341846320.357890 -1.030904531 -0.124043331 0.089275107 0.101276703 -0.114239462 0.052981690 0.986856282
1341846320.390064 -0.979261398 -0.118877888 0.085533857 0.102622770 -0.111675330 0.052940447 0.987012923
1341846320.426544 -0.916697502 -0.132050827 0.129408762 0.105148964 -0.106019005 0.049164660 0.987565935
1341846320.458122 -0.918816030 -0.123586975 0.130710080 0.106545217 -0.097833000 0.046888709 0.988371491
1341846320.490186 -0.849758387 -0.152880400 0.160897523 0.108857743 -0.093021877 0.047754861 0.988542557
1341846320.525911 -0.843782485 -0.139225662 0.123240352 0.112912506 -0.084315814 0.044951018 0.989000022
1341846320.558091 -0.742303371 -0.129547298 0.063722357 0.113612644 -0.082437277 0.040967792 0.989251196
1341846320.594093 -0.696744621 -0.129504144 0.095678262 0.114612967 -0.078751855 0.037196476 0.989584982
1341846320.631955 -0.660155535 -0.125329316 0.060246974 0.117040783 -0.070752181 0.036647759 0.989925504
1341846320.664916 -0.646329761 -0.114068225 0.076955698 0.117691278 -0.068425350 0.034936696 0.990073800
1341846320.699927 -0.649029613 -0.148271337 0.098301046 0.117065229 -0.065093152 0.033203796 0.990432262
1341846320.731822 -0.554145277 -0.120229609 0.045116484 0.119026706 -0.060384940 0.032163888 0.990531027
1341846320.763877 -0.578033268 -0.050048448 0.024177417 0.118601516 -0.057647012 0.032157555 0.990745366
1341846320.799999 -0.505538404 -0.111070149 0.037088268 0.109605052 -0.061217725 0.028090298 0.991690516
1341846320.831871 -0.361166507 -0.133586213 0.054829374 0.110710688 -0.055429969 0.024115020 0.992012680
1341846320.863887 -0.493541598 -0.069186240 0.044956621 0.111494176 -0.040916484 0.024351820 0.992623746
1341846320.900014 -0.489133686 -0.108455360 0.017066196 0.103174224 -0.045419816 0.029545747 0.993186414
1341846320.931889 -0.390025914 -0.137550548 0.040088173 0.103360891 -0.048147015 0.028577335 0.993066847
1341846320.967866 -0.416453570 -0.076961473 0.068985328 0.105479948 -0.042118650 0.025286146 0.993207216
1341846321.000017 -0.519768715 -0.077761717 0.060934655 0.099219978 -0.038893875 0.024181528 0.994010985
1341846321.031860 -0.465763628 -0.104646862 0.067858011 0.096431285 -0.039385829 0.022209376 0.994312048
1341846321.068047 -0.439645261 -0.081402645 0.072255105 0.097540893 -0.036338188 0.019805312 0.994370699
1341846321.099840 -0.438175887 -0.088246532 0.053037282 0.094744749 -0.034702409 0.020496387 0.994685411
1341846321.131821 -0.373514622 -0.118510984 0.067380466 0.094251886 -0.034816701 0.021892216 0.994698465
1341846321.167887 -0.356145412 -0.105463013 0.073193491 0.097412467 -0.030780731 0.022437669 0.994514883
1341846321.200042 -0.343405902 -0.094002441 0.062180188 0.097964890 -0.028522372 0.022279304 0.994531572
1341846321.231950 -0.315649033 -0.113678969 0.068374470 0.096752524 -0.028140822 0.021360934 0.994681239
1341846321.267939 -0.266336769 -0.099072069 0.063957036 0.097652204 -0.026982371 0.016514443 0.994717658
1341846321.299948 -0.241049051 -0.105468065 0.072759762 0.096098363 -0.022900788 0.010533459 0.995052636
1341846321.331858 -0.239384681 -0.117803045 0.074642390 0.095999487 -0.019642580 0.006763685 0.995164573
1341846321.367913 -0.185553983 -0.134310707 0.071782872 0.096968740 -0.018213434 0.002535611 0.995117545
1341846321.399897 -0.168997943 -0.118730150 0.088927843 0.099360071 -0.013243917 0.001291525 0.994962573
1341846321.435994 -0.157326087 -0.135855511 0.084163338 0.100239724 -0.009939536 0.001008693 0.994913161
1341846321.467946 -0.133543789 -0.128366709 0.091985434 0.102487057 -0.007650766 0.001554446 0.994703710
1341846321.499882 -0.152778283 -0.127636969 0.094314039 0.103885569 -0.004201014 0.002327672 0.994577646
1341846321.536109 -0.124317728 -0.068375170 0.076630041 0.103729494 0.003347893 0.000306068 0.994599879
1341846321.568960 -0.110776775 -0.084815741 0.098994523 0.101529807 0.007244879 -0.002879143 0.994801939
1341846321.603938 -0.092419416 -0.096130416 0.109603792 0.098082893 0.009364498 -0.003170676 0.995129108
1341846321.637163 -0.014500985 -0.073368564 0.079430789 0.096131213 0.012417244 -0.004070874 0.995282888
1341846321.668306 -0.031873684 -0.071856230 0.107763320 0.091585316 0.022219483 -0.000710049 0.995549023
1341846321.704411 -0.071366847 -0.079448640 0.126966521 0.088314392 0.024909012 0.006508096 0.995759845
1341846321.736861 -0.032364205 -0.071586907 0.128228545 0.087564334 0.021229433 0.015252118 0.995815814
1341846321.771881 0.003655476 -0.032884739 0.124749713 0.086029671 0.020331375 0.020386290 0.995876431
1341846321.804114 0.030181218 -0.045574475 0.125418410 0.081310853 0.021912903 0.023566332 0.996169150
1341846321.836152 0.034931403 -0.025755510 0.131343976 0.079046115 0.024244653 0.024294727 0.996279895
1341846321.871882 0.048435211 0.007384455 0.135379419 0.075023748 0.025193898 0.021553073 0.996630371
1341846321.904074 0.066859752 -0.002842078 0.146255508 0.068135485 0.026193913 0.018514410 0.997160256
1341846321.939847 0.071598262 -0.009764725 0.155445471 0.064001679 0.029408362 0.015643328 0.997393668
1341846322.004094 0.061804563 -0.024611786 0.158437684 0.056685757 0.027689334 0.015217572 0.997891963
1341846322.034203 0.105069317 -0.038964871 0.141661316 0.054324452 0.027228698 0.014340841 0.998048961
1341846322.066178 0.103339046 -0.042141095 0.149177507 0.051416319 0.031650208 0.011934971 0.998104274
1341846322.107979 0.098075159 -0.082877778 0.149124518 0.048132602 0.033803355 0.010948285 0.998208761
1341846322.133980 0.098766170 -0.128435194 0.153890043 0.048447967 0.034430392 0.008828143 0.998193026
1341846322.166164 0.088780582 -0.140387729 0.152161360 0.050505280 0.034087516 0.010425544 0.998087406
1341846322.202932 0.094659328 -0.156420246 0.143907696 0.051480301 0.031484298 0.010765562 0.998119533
1341846322.234093 0.097671077 -0.161130771 0.142960966 0.050536055 0.029882004 0.008629976 0.998237789
1341846322.265941 0.095140412 -0.187606096 0.141594484 0.047508467 0.027129341 0.008671655 0.998464704
1341846322.301996 0.118214868 -0.224398598 0.138271540 0.045037460 0.024680832 0.009872735 0.998631537
1341846322.333949 0.033032216 -0.235145032 0.137696430 0.044264842 0.025466816 0.009251202 0.998652339
1341846322.402292 0.156224877 -0.337471992 0.125495762 0.044914875 0.017655548 0.000049811 0.998834789
1341846322.433955 0.078125678 -0.395764828 0.137456656 0.048256028 0.021366509 -0.003586086 0.998600006
1341846322.470030 0.064473756 -0.418915093 0.132296309 0.056290627 0.017529229 0.000213931 0.998260498
1341846322.502433 0.086478800 -0.455890179 0.124454588 0.061415419 0.013928045 0.002282814 0.998012483
1341846322.534002 0.110265799 -0.506736875 0.123513170 0.068943895 0.012921424 0.004371483 0.997527301
1341846322.570196 0.101068839 -0.531969488 0.144355506 0.079096653 0.012976820 0.006044995 0.996764123
1341846322.601920 0.083827659 -0.545232058 0.129474506 0.084197596 0.010640902 0.008772689 0.996353626
1341846322.638119 0.127541751 -0.589731991 0.139420137 0.088800490 0.005858928 0.009062835 0.995990992
1341846322.669947 0.153354436 -0.602539718 0.129049450 0.093725331 0.008228273 0.007721523 0.995534122
1341846322.702026 0.124736570 -0.633303344 0.135954499 0.096205294 0.010846334 0.009641584 0.995255709
1341846322.738006 0.134152696 -0.628609776 0.138849542 0.097875282 0.007802156 0.011853657 0.995097518
1341846322.770087 0.159054399 -0.682190478 0.146245152 0.096751787 0.007830005 0.011201566 0.995214701
1341846322.806047 0.127431273 -0.714564145 0.156933442 0.100303560 0.008730357 0.012472354 0.994840384
1341846322.838063 0.108249597 -0.732904017 0.147686541 0.102013581 0.005195749 0.013508196 0.994677722
1341846322.870081 0.128025606 -0.756355762 0.153510675 0.103607066 -0.000446216 0.014687099 0.994509757
1341846322.906018 0.040922139 -0.603707552 0.155865744 0.112527348 -0.000445671 0.016171088 0.993516922
1341846322.938349 0.153824285 -0.737706959 0.151351422 0.109782733 -0.002155717 0.016825778 0.993810833
1341846322.970069 0.042472158 -0.582289279 0.149024874 0.109059416 0.000256063 0.019383956 0.993846178
1341846323.011820 0.047480505 -0.625349998 0.153379276 0.105582975 0.000514576 0.019474996 0.994219661
1341846323.038050 0.044206738 -0.629955530 0.155903488 0.105188772 0.000881817 0.021878965 0.994211197
1341846323.073951 0.050214663 -0.620821595 0.162245810 0.103057377 0.000063972 0.024624992 0.994370580
1341846323.105962 0.055019550 -0.667922854 0.160054818 0.099102639 0.000033076 0.024266951 0.994781256
1341846323.138158 0.053512290 -0.671336293 0.165120810 0.099911004 0.000214711 0.020661067 0.994781792
1341846323.174092 0.046236776 -0.675257683 0.158940166 0.097717486 -0.000043907 0.019633057 0.995020509
1341846323.206059 0.064983524 -0.696342647 0.152246848 0.094418369 -0.001164185 0.016857309 0.995389223
1341846323.238053 0.081246719 -0.692348123 0.165692270 0.092220046 0.001238140 0.015313681 0.995620131
1341846323.273997 0.037771158 -0.693841219 0.164317459 0.088200495 0.003163454 0.015900463 0.995970786
1341846323.305946 0.047695495 -0.720434666 0.170479596 0.082719088 -0.001307533 0.016806213 0.996430337
1341846323.342027 0.100773439 -0.757147789 0.172609746 0.079757534 -0.001110394 0.014435102 0.996709168
1341846323.374048 0.055991989 -0.775018752 0.164595693 0.079958476 0.003793607 0.016139671 0.996660292
1341846323.441956 0.062166825 -0.829079211 0.162073776 0.080133945 -0.004725442 0.022723043 0.996513844
1341846323.473878 0.066551745 -0.861444354 0.160443231 0.083813682 -0.003269159 0.020764597 0.996259749
1341846323.506129 0.056012314 -0.848620713 0.154701054 0.086626507 -0.003243473 0.018899618 0.996056318
1341846323.541972 0.081049316 -0.851547360 0.157031670 0.085109137 -0.004092745 0.017067276 0.996217072
1341846323.573913 0.098683566 -0.798801005 0.160551175 0.086224772 -0.000277344 0.011791825 0.996205926
1341846323.609927 0.091833137 -0.886751771 0.167436928 0.084941700 0.005933077 0.007487510 0.996340096
1341846323.642014 0.071612269 -0.914639413 0.161105096 0.082873121 0.008030795 0.009078703 0.996486366
1341846323.674081 0.056452584 -0.943624198 0.160037771 0.082766928 0.006892497 0.010644250 0.996488273
1341846323.710069 0.035315696 -0.901804268 0.170051008 0.085346729 0.006444039 0.015004239 0.996217489
1341846323.742111 0.036605533 -0.933172584 0.149477646 0.089235350 0.004822410 0.015661854 0.995875776
1341846323.774928 0.040890690 -0.924401641 0.140606806 0.093126290 0.002309267 0.012887637 0.995568216
1341846323.842207 0.053715292 -0.955377340 0.131963745 0.095296934 0.000879254 0.004188140 0.995439708
1341846323.878019 0.042227596 -0.980754972 0.116801441 0.095473662 0.000576443 0.000206354 0.995431781
1341846323.909826 0.044737678 -1.019147515 0.120349661 0.097878903 -0.001273486 -0.004269717 0.995188355
1341846323.942459 0.034288134 -1.021072745 0.117896885 0.101833299 -0.001006352 -0.004939545 0.994788706
1341846323.978055 0.017066080 -1.031504869 0.114365146 0.104063369 -0.003145919 -0.003264025 0.994560361
1341846324.015934 0.037379850 -1.030689120 0.114135504 0.108076312 -0.006068750 -0.003692855 0.994117260
1341846324.047722 0.061197501 -1.081691384 0.125745326 0.110044323 -0.005399987 -0.003727060 0.993905067
1341846324.083904 0.065888055 -1.040631890 0.113354445 0.111438110 -0.004210162 -0.005287927 0.993748426
1341846324.115968 0.063700683 -0.927989721 0.139277428 0.112115309 -0.002335804 -0.005939254 0.993674695
1341846324.151967 0.069782928 -0.946861327 0.122251451 0.110810116 0.000335608 -0.010152263 0.993789673
1341846324.183941 0.067169346 -0.880155265 0.137655750 0.109700046 0.004509877 -0.013382417 0.993864417
1341846324.219984 0.049604692 -0.874613285 0.149966180 0.105425000 0.007023604 -0.013278499 0.994313836
1341846324.251968 0.041110430 -0.873725235 0.152892560 0.104634181 0.007431955 -0.013549091 0.994390726
1341846324.319880 0.025344940 -0.811850369 0.135999486 0.104756385 0.003928167 -0.014464638 0.994385004
1341846324.351917 0.038622815 -0.768197298 0.132768929 0.102196716 -0.000002918 -0.015435022 0.994644463
1341846324.388001 0.046345573 -0.748595357 0.144523084 0.098302476 -0.000355431 -0.019052947 0.994974136
1341846324.419908 0.048486080 -0.713631809 0.144308984 0.094095692 0.001713140 -0.021343639 0.995332837
1341846324.487928 0.027334038 -0.699922740 0.157932192 0.087702215 0.002402558 -0.020466460 0.995933592
1341846324.519985 0.001708124 -0.672867358 0.147731960 0.086694814 0.001251343 -0.016071996 0.996104479
1341846324.556001 0.004080352 -0.664743304 0.132155597 0.084626429 -0.004041407 -0.011621389 0.996336818
1341846324.587888 0.010924483 -0.649300575 0.162822396 0.081522182 -0.007629753 -0.008415794 0.996606767
1341846324.620086 0.012783250 -0.679414868 0.160076052 0.078344770 -0.010244573 -0.011444063 0.996807992
1341846324.655955 0.023848703 -0.650654256 0.166755676 0.077610150 -0.011850445 -0.012972752 0.996828973
1341846324.755922 -0.014067098 -0.562985241 0.171848938 0.079410516 -0.013599075 -0.008596782 0.996712208
1341846324.782029 -0.011348719 -0.530017376 0.178392261 0.077815719 -0.018714761 -0.008776383 0.996753454
1341846324.814016 0.027626157 -0.476538688 0.150099337 0.075601779 -0.020784438 -0.010892190 0.996861935
1341846324.849979 0.001320102 -0.456950575 0.185264811 0.070066616 -0.016825924 -0.013018088 0.997315466
1341846324.881924 -0.017668365 -0.446470410 0.185837507 0.067263715 -0.017379956 -0.013646723 0.997490525
1341846324.913902 -0.011012346 -0.423279375 0.188389525 0.066506349 -0.019162195 -0.010603057 0.997545660
1341846324.981922 -0.045947816 -0.419816256 0.204010174 0.071103685 -0.020502198 -0.004652037 0.997247338
1341846325.018013 -0.048045684 -0.389534950 0.208673477 0.075972930 -0.025760438 -0.002132186 0.996774793
1341846325.050079 -0.061311368 -0.297761291 0.205322862 0.079691835 -0.030227695 -0.002198535 0.996358693
1341846325.081901 -0.053781774 -0.257675409 0.188911304 0.079248719 -0.035871118 -0.004105899 0.996200800
1341846325.118531 -0.016635304 -0.272816211 0.182320803 0.074482761 -0.038823806 -0.006349661 0.996446073
1341846325.181925 -0.033269413 -0.261369050 0.186131835 0.065495886 -0.034821719 -0.006276779 0.997225344
1341846325.218055 0.065695859 -0.346181691 0.194748938 0.060402274 -0.036942795 -0.003180603 0.997485161
1341846325.249811 0.060360409 -0.326860368 0.202155456 0.058673956 -0.036879342 0.000396918 0.997595668
1341846325.285925 0.068240501 -0.300880432 0.196906090 0.056438580 -0.037710860 0.003416651 0.997687757
1341846325.317988 0.091891110 -0.304750174 0.218153253 0.053881850 -0.036207907 0.006245609 0.997871101
1341846325.349844 0.085761733 -0.319668502 0.234117314 0.056091357 -0.031387571 0.008744182 0.997893810
1341846325.417931 0.120891355 -0.275086373 0.232056424 0.064517453 -0.024963707 0.014438462 0.997499764
1341846325.450747 0.086857490 -0.291388929 0.230985075 0.068235591 -0.016348556 0.016701980 0.997395456
1341846325.485954 0.098803528 -0.259138763 0.256352365 0.077539019 -0.009324010 0.019492343 0.996755123
1341846325.517875 0.045427848 -0.223754823 0.236138105 0.082155086 -0.005464231 0.022771608 0.996344388
1341846325.585855 0.088649340 -0.177892268 0.258137375 0.088407092 0.000180928 0.020234995 0.995878875
1341846325.617990 0.036278281 -0.122442439 0.240476921 0.086374700 0.002973803 0.020214101 0.996053219
1341846325.653982 0.028404538 -0.158733308 0.253750533 0.082397461 0.005177403 0.016999943 0.996441126
1341846325.717857 0.064511985 -0.129284948 0.278951406 0.092849821 0.006818531 0.023646755 0.995375931
1341846325.754083 0.060801402 -0.131158903 0.289706707 0.095545359 0.006837179 0.028274963 0.994999945
1341846325.821856 0.065231621 -0.071874589 0.292051047 0.107259102 0.008913277 0.031546306 0.993690550
1341846325.853827 0.048056882 -0.059095800 0.297715962 0.108003639 0.010014025 0.034782182 0.993491411
1341846325.885958 0.025712211 -0.028448727 0.296631008 0.109138608 0.007953205 0.040498927 0.993169308
1341846325.921984 0.043200895 -0.023037203 0.296796083 0.107857443 0.003177634 0.045477636 0.993120551
1341846325.985823 0.058362007 0.012626722 0.310892075 0.114181057 0.005911562 0.051302169 0.992116809
1341846326.021991 0.046267729 0.016211160 0.318949133 0.116864108 0.006331435 0.057076331 0.991486192
1341846326.054055 0.053353481 0.039980426 0.319728911 0.122179165 0.005358456 0.060629256 0.990639985
1341846326.089984 0.070289463 0.083750933 0.318355262 0.125610888 0.006524653 0.060517062 0.990210593
1341846326.154079 0.011949098 0.086236350 0.320521593 0.125221327 0.014762989 0.057168581 0.990370333
1341846326.190178 0.047482848 0.140047565 0.351178408 0.129046187 0.013301858 0.059293989 0.989774883
1341846326.222162 -0.000560935 0.150167361 0.328324646 0.128068671 0.012624799 0.065744407 0.989503264
1341846326.259181 -0.003297487 0.176425815 0.336379439 0.125145376 0.009837223 0.069697909 0.989638329
1341846326.322766 0.010022420 0.226754814 0.352124155 0.118200488 0.008911713 0.068598881 0.990577340
1341846326.359773 0.013378366 0.246671215 0.360965133 0.114764459 0.010227774 0.066720843 0.991096735
1341846326.392109 0.014787963 0.229806110 0.369607240 0.112690575 0.012285005 0.066579513 0.991320848
1341846326.423985 0.003824286 0.241184488 0.374883622 0.116936430 0.013319584 0.071403235 0.990479708
1341846326.459869 -0.009610463 0.280316591 0.373015404 0.120188691 0.011200991 0.075567402 0.989807427
1341846326.526163 0.018917810 0.352379352 0.401673764 0.121514231 0.011746407 0.074862972 0.989692807
1341846326.560211 0.016415389 0.377118289 0.400005639 0.116451718 0.015703470 0.076035365 0.990157068
1341846326.591828 0.009684030 0.387050748 0.404562801 0.113448910 0.017925637 0.077037193 0.990390480
1341846326.627027 0.016114432 0.413616002 0.407255262 0.113589227 0.019301288 0.076410033 0.990397096
1341846326.658442 0.019778656 0.447676986 0.415619552 0.112081490 0.022985816 0.075137235 0.990587592
1341846326.694856 -0.030210551 0.381632119 0.391102105 0.106133461 0.027852967 0.075261280 0.991108298
1341846326.762753 0.019531850 0.530101061 0.434729308 0.097812183 0.029546114 0.070927143 0.992234409
1341846326.794046 -0.020882826 0.482073605 0.406652093 0.088941805 0.034376569 0.068799704 0.993063033
1341846326.826821 -0.019265581 0.519467831 0.403567016 0.081458993 0.036464475 0.067360915 0.993728995
1341846326.858887 -0.035762511 0.529073000 0.414336592 0.073211066 0.038826380 0.064630158 0.994462490
1341846326.895360 -0.051461704 0.530923426 0.418355674 0.070856519 0.038942181 0.066517599 0.994504035
1341846326.926897 -0.055977397 0.545874536 0.426526606 0.073041216 0.035213903 0.068165503 0.994373381
1341846326.958888 -0.040449679 0.573440373 0.415860474 0.075944155 0.032160331 0.071572825 0.994019866
1341846326.994594 -0.037225433 0.604987383 0.422144264 0.077340201 0.032518335 0.073971123 0.993724942
1341846327.026301 -0.030683443 0.631212592 0.431934714 0.075711228 0.033622328 0.072948113 0.993889332
1341846327.063945 -0.026870552 0.648696482 0.426126063 0.072455712 0.035646465 0.070872016 0.994211614
1341846327.094662 -0.031801268 0.672159910 0.429710865 0.072478957 0.038422756 0.067503899 0.994340837
1341846327.128901 -0.030052055 0.694252789 0.452424407 0.072004169 0.038429324 0.066355981 0.994452357
1341846327.161940 -0.029436307 0.718321979 0.453053832 0.071025811 0.037079833 0.065874115 0.994605958
1341846327.193867 -0.018819781 0.734582305 0.449151278 0.070138060 0.037945893 0.064684913 0.994714379
1341846327.229885 -0.004028995 0.770083964 0.480762720 0.072452754 0.040351260 0.063615538 0.994522750
1341846327.262014 0.010689437 0.775396228 0.476604223 0.071362056 0.043607693 0.062222153 0.994552255
1341846327.294023 0.049936563 0.785425365 0.455216825 0.073214807 0.052432537 0.057378456 0.994282722
1341846327.330015 0.028303351 0.769496739 0.455362260 0.076572269 0.065130383 0.055321634 0.993395269
1341846327.361939 0.001870207 0.860710859 0.494423389 0.075569503 0.072981618 0.047160584 0.993347287
1341846327.393887 0.000217732 0.881634176 0.496532500 0.074159808 0.075493321 0.040401634 0.993563712
1341846327.429966 -0.008282349 0.918634772 0.488606185 0.072335489 0.075355299 0.039905507 0.993728697
1341846327.461965 -0.046933785 0.893826187 0.511234581 0.063175179 0.073670276 0.036693815 0.994602978
1341846327.497931 -0.030568376 0.904081702 0.487016857 0.058327973 0.070386320 0.035907723 0.995165408
1341846327.530068 -0.031064451 0.937163889 0.508323550 0.057808403 0.071120657 0.038116138 0.995061398
1341846327.561895 -0.028864767 1.030718207 0.523325920 0.058315210 0.067975052 0.044537362 0.994984984
1341846327.598010 -0.040348712 1.025340199 0.523657322 0.058726352 0.065519735 0.048624806 0.994934201
1341846327.629945 -0.048392370 1.066670656 0.534648836 0.061050225 0.060616415 0.051783722 0.994945705
1341846327.662003 -0.052890301 1.093207598 0.529486299 0.061779097 0.057494175 0.046327624 0.995354950
1341846327.697919 -0.047599792 1.124151826 0.537587941 0.064691558 0.056175873 0.046113547 0.995255172
1341846327.730075 -0.052315041 1.162251353 0.537548244 0.061362617 0.055027045 0.048436351 0.995419800
1341846327.766017 -0.054859340 1.194091797 0.548808873 0.057857972 0.054529287 0.048526458 0.995652676
1341846327.797917 -0.060036588 1.218092799 0.547461390 0.053738542 0.054549914 0.051116765 0.995752752
1341846327.830054 -0.061956882 1.251469254 0.554334044 0.047980268 0.053439636 0.052817851 0.996018291
1341846327.865944 -0.054124076 1.252960920 0.538772225 0.043013558 0.054778647 0.051022448 0.996265948
1341846327.898010 -0.056840356 1.142997146 0.522709668 0.036981635 0.056378014 0.052074343 0.996364474
1341846327.929991 -0.064357519 1.306397200 0.567882240 0.038171742 0.054410979 0.051942337 0.996435821
1341846327.966065 -0.059739929 1.185376644 0.528714716 0.029438211 0.054500230 0.049214806 0.996865630
1341846327.998073 -0.060226984 1.201826811 0.522305846 0.022703245 0.055626910 0.045896020 0.997137785
1341846328.034045 -0.062437642 1.223812938 0.519191980 0.017759092 0.056432188 0.045281481 0.997220933
1341846328.065993 -0.061136562 1.226337433 0.516022503 0.011801573 0.057355918 0.045092124 0.997265100
1341846328.098045 -0.059556022 1.209196806 0.525177479 0.009932712 0.057972487 0.045134705 0.997247934
1341846328.133967 -0.060997393 1.208756447 0.525357246 0.013567263 0.056866635 0.048190895 0.997125745
1341846328.166023 -0.063203365 1.190573454 0.520600498 0.012210013 0.054028306 0.049060412 0.997258723
1341846328.198018 -0.062404286 1.172076344 0.502991080 0.011227029 0.051184397 0.046708357 0.997533143
1341846328.234044 -0.065369278 1.137775898 0.507484615 0.012835195 0.050006222 0.044681992 0.997666359
1341846328.265899 -0.064985454 1.111094594 0.495890319 0.013824678 0.048360381 0.044880968 0.997725368
1341846328.302051 -0.062747195 1.066410184 0.481201351 0.015244194 0.047814939 0.045755353 0.997691214
1341846328.333917 -0.064157635 1.029170632 0.483658969 0.017589157 0.048340909 0.047270481 0.997556686
1341846328.366008 -0.069930986 0.952950120 0.479042351 0.019274997 0.048601214 0.043616574 0.997679293
1341846328.402010 -0.047726605 0.941823006 0.461894155 0.033229358 0.049076851 0.046527021 0.997157216
1341846328.433920 -0.059937287 0.907649338 0.470209211 0.036663812 0.047828671 0.047149222 0.997068286
1341846328.470003 -0.045595683 0.901926935 0.458700657 0.036619641 0.045902234 0.041324858 0.997418761
1341846328.502194 -0.034189831 0.845340610 0.446023077 0.036798421 0.047722530 0.033831611 0.997609079
1341846328.534033 -0.023510303 0.808646679 0.436342150 0.037406240 0.050192904 0.030908979 0.997560084
1341846328.570125 -0.032981075 0.743168175 0.451763391 0.037749074 0.051716886 0.030371163 0.997485816
1341846328.602804 -0.047996536 0.682323337 0.424510658 0.042008474 0.047732513 0.033425644 0.997416496
1341846328.636433 -0.048097394 0.646960437 0.424381018 0.046793353 0.040295411 0.032928616 0.997548163
1341846328.672663 -0.032912780 0.609409988 0.434500515 0.051175140 0.033637002 0.030983310 0.997642040
1341846328.702975 -0.019931024 0.578225672 0.442025006 0.053770635 0.029775904 0.029930305 0.997660458
1341846328.738215 -0.014476601 0.587134004 0.446187377 0.058625564 0.028261779 0.026111715 0.997538209
1341846328.770129 -0.008563699 0.573570490 0.445398450 0.062799245 0.026407266 0.025836581 0.997342110
1341846328.802331 -0.010298120 0.535522640 0.444904268 0.062929899 0.023787938 0.025988398 0.997395873
1341846328.838051 0.002817236 0.499352247 0.433597207 0.066095516 0.021114867 0.023539616 0.997312069
1341846328.869939 0.008305948 0.504173517 0.419672191 0.066713549 0.019503446 0.022719439 0.997322798
1341846328.904486 0.003141346 0.464349031 0.422835261 0.061626077 0.017012352 0.021448022 0.997723818
1341846328.939814 0.018899923 0.389198929 0.407516837 0.061726347 0.013627398 0.021925349 0.997759223
1341846328.970217 0.007317428 0.427023709 0.402485996 0.067899846 0.011940331 0.025210077 0.997302115
1341846329.006232 0.027474970 0.367676914 0.397298694 0.067444399 0.008680910 0.029952426 0.997235596
1341846329.038243 0.027152944 0.354379356 0.386476487 0.070750870 0.007913864 0.029978406 0.997012019
1341846329.072238 0.029607087 0.365437150 0.374865025 0.075762361 0.008306419 0.030064980 0.996637940
1341846329.106125 0.028791917 0.349881649 0.367457658 0.074292608 0.007688089 0.029195102 0.996779382
1341846329.138340 0.030448459 0.310331941 0.369182944 0.074781545 0.006881997 0.027182890 0.996805608
1341846329.169991 0.033791415 0.311442137 0.352644086 0.077230826 0.005664314 0.026080688 0.996655941
1341846329.208656 0.039241314 0.288435310 0.345691472 0.077080473 0.004574209 0.024912037 0.996703088
1341846329.238169 0.045238804 0.290398866 0.339707613 0.076908812 0.003348132 0.025108147 0.996716321
1341846329.273827 0.044138469 0.257721663 0.339559615 0.074412592 0.002511612 0.025435492 0.996899962
1341846329.306052 0.094230078 0.283320487 0.359947622 0.076118387 -0.001211631 0.024294075 0.996802032
1341846329.338104 0.056494817 0.252568305 0.322040796 0.071686015 -0.002227064 0.022619467 0.997168243
1341846329.373907 0.049219124 0.208310530 0.323847234 0.067209706 -0.002373948 0.020834044 0.997518480
1341846329.405985 0.106311545 0.217511088 0.340649039 0.069177464 -0.005501961 0.017984010 0.997427046
1341846329.442057 0.108132049 0.211632192 0.331326872 0.068611741 -0.005931698 0.014307680 0.997523189
1341846329.473950 0.100471847 0.182458341 0.327002615 0.066971049 -0.006496951 0.007946530 0.997702122
1341846329.506147 0.099178836 0.173536837 0.317622751 0.067237772 -0.008319662 0.005012705 0.997689664
1341846329.542121 0.091702878 0.147335067 0.315631688 0.064961977 -0.010955364 0.004427500 0.997817814
1341846329.574086 0.101837300 0.108386293 0.308956891 0.066356532 -0.013612005 0.003389325 0.997697353
1341846329.641955 0.093337171 0.102388330 0.295564711 0.069337726 -0.014833083 0.002082630 0.997480810
1341846329.681570 0.086414605 0.077087894 0.298020661 0.068015777 -0.017409693 0.002394894 0.997529447
1341846329.748113 0.103383467 0.064637564 0.287710100 0.070025317 -0.018236147 0.000004857 0.997378528
1341846329.810175 0.095831759 0.014554851 0.286697865 0.067219697 -0.014490711 0.004212347 0.997624099
1341846329.842255 0.093162909 -0.006014459 0.284243733 0.068440907 -0.014443260 0.007465790 0.997522712
1341846329.874044 0.087201089 -0.018813347 0.285967588 0.070244178 -0.014208569 0.010588557 0.997372448
1341846329.942009 0.091215208 -0.012608154 0.281676173 0.066183813 -0.015606487 0.018647149 0.997511148
1341846329.978087 0.090828337 -0.061938971 0.273693740 0.063103467 -0.015916027 0.020049250 0.997678638
1341846330.016305 0.099472404 -0.048385773 0.263792932 0.065594524 -0.015120717 0.017954106 0.997570217
1341846330.080418 0.088579454 -0.076738983 0.264839172 0.056791700 -0.013421468 0.021092951 0.998072982
1341846330.115886 0.092882529 -0.111892849 0.266381562 0.058741733 -0.012138194 0.021769036 0.997962058
1341846330.147839 0.078073420 -0.078591168 0.256328821 0.062427506 -0.011312831 0.023375884 0.997711599
1341846330.215852 0.086405940 -0.083140180 0.252529860 0.051039580 -0.011508041 0.026581660 0.998276472
1341846330.247833 0.075090073 -0.094882585 0.250678390 0.049017034 -0.010474749 0.025349239 0.998421252
1341846330.283913 0.023200210 -0.069414452 0.231053621 0.046287749 -0.010045162 0.026702713 0.998520672
1341846330.347868 0.060161009 -0.113300025 0.245324209 0.036545984 -0.013109454 0.023815770 0.998962104
1341846330.383835 0.017876701 -0.121905044 0.230936602 0.034486581 -0.012679216 0.024913400 0.999014139
1341846330.452561 0.003998412 -0.156086415 0.232178494 0.036044866 -0.011667856 0.021574052 0.999049127
1341846330.483903 -0.004824549 -0.145706654 0.225388914 0.036530621 -0.013176535 0.023740582 0.998963594
1341846330.552099 -0.001013754 -0.173593640 0.216603279 0.035615988 -0.016984776 0.029502526 0.998785555
1341846330.583876 -0.003862391 -0.153211519 0.209043279 0.035795793 -0.017266022 0.030273367 0.998751283
1341846330.652136 -0.010227725 -0.147483289 0.199082926 0.024981104 -0.019932656 0.028120976 0.999093533
1341846330.683796 -0.017318791 -0.151230648 0.199474186 0.020567225 -0.019534575 0.027132293 0.999229312
1341846330.752103 -0.044850282 -0.191635132 0.176431403 0.018421173 -0.024647618 0.031160133 0.999040663
1341846330.787952 -0.063189469 -0.176340207 0.171606675 0.020225061 -0.028406220 0.034518540 0.998795509
1341846330.819823 -0.052958459 -0.178738117 0.169586033 0.019690936 -0.033544473 0.035968624 0.998595655
1341846330.852208 -0.049023222 -0.160021320 0.156710222 0.019838311 -0.035540376 0.036745459 0.998495460
1341846330.914111 -0.053751834 -0.131302372 0.152330592 0.011680434 -0.038921840 0.036927734 0.998491406
1341846330.949903 -0.073220350 -0.156274095 0.154445603 0.007841234 -0.038930517 0.035951480 0.998564184
1341846330.981986 -0.078292362 -0.145592749 0.149820268 0.009220219 -0.043004766 0.036326632 0.998371661
1341846331.014111 -0.083514594 -0.141998887 0.136398032 0.008791699 -0.047310576 0.036839861 0.998161912
1341846331.114334 -0.080131270 -0.133219659 0.129994988 0.010611493 -0.052303106 0.033367831 0.998017251
1341846331.149989 -0.074764624 -0.152424559 0.129520997 0.010220596 -0.053492110 0.032201916 0.997996628
1341846331.218151 -0.101673879 -0.121555522 0.110233754 0.014356331 -0.055761337 0.031723186 0.997836769
1341846331.249914 -0.070776008 -0.145591587 0.121339612 0.011094108 -0.058879875 0.031280681 0.997713208
1341846331.282227 -0.023747977 -0.195081159 0.128388226 0.014144681 -0.056718789 0.028869942 0.997872472
1341846331.349926 -0.045590594 -0.138543099 0.124028161 0.020934701 -0.047514398 0.026479429 0.998300076
1341846331.382003 0.016185973 -0.179946750 0.165819332 0.021895014 -0.043527242 0.024854247 0.998503029
1341846331.418008 -0.011277229 -0.163044676 0.160097331 0.029865285 -0.032087445 0.025197159 0.998721004
1341846331.450327 -0.029417098 -0.142769665 0.163822517 0.032531634 -0.026325284 0.025826920 0.998790085
1341846331.486219 -0.043497685 -0.130699575 0.171217740 0.032905560 -0.023720492 0.026668709 0.998821020
1341846331.550202 -0.006991833 -0.152896181 0.197782859 0.033199932 -0.019838508 0.024297908 0.998956382
1341846331.586139 -0.040621504 -0.134346247 0.196730778 0.036076818 -0.017133927 0.024528313 0.998901010
1341846331.617931 -0.014649319 -0.119606741 0.213459447 0.035600521 -0.018025909 0.025232762 0.998884916
1341846331.686123 -0.022982882 -0.121307999 0.233943924 0.038472924 -0.012404453 0.027242405 0.998811185
1341846331.717954 -0.030800220 -0.099972434 0.248373047 0.035984069 -0.013378522 0.027899897 0.998873234
1341846331.785920 -0.007278033 -0.129138052 0.289090395 0.035601754 -0.010766234 0.025179582 0.998990774
1341846331.818053 -0.014781162 -0.101548307 0.306564510 0.037201215 -0.008815071 0.025376374 0.998946667
1341846331.853849 -0.008877361 -0.117119044 0.329982966 0.035401162 -0.008725811 0.025042173 0.999021232
1341846331.885987 0.009926951 -0.123200007 0.349857807 0.037976474 -0.006918038 0.023099376 0.998987675
1341846331.954037 0.015291324 -0.106387220 0.387029052 0.040421654 -0.001162732 0.022752080 0.998922944
1341846331.986135 0.031716011 -0.122252360 0.400944978 0.042053655 0.003778693 0.024123095 0.998816907
1341846332.022364 0.010042226 -0.144529223 0.437241524 0.048078183 0.009632901 0.023906056 0.998511016
1341846332.086502 0.007823911 -0.121611074 0.483205557 0.058192626 0.009717068 0.028000085 0.997865319
1341846332.122051 0.004590795 -0.110699199 0.507120848 0.060416974 0.010898529 0.027075542 0.997746408
1341846332.153983 -0.003278251 -0.073279701 0.502576590 0.059770387 0.010796482 0.024732258 0.997847319
1341846332.222699 -0.007387622 -0.107948750 0.583512604 0.049618218 0.008978339 0.021148561 0.998503983
1341846332.254145 -0.011173003 -0.114821695 0.604640007 0.052364625 0.009765989 0.020400252 0.998371899
1341846332.322172 -0.015445418 -0.105001539 0.647784233 0.055513252 0.009144865 0.024321413 0.998119771
1341846332.354003 0.009038222 -0.113644809 0.648253024 0.057634875 0.009990799 0.022593098 0.998032033
1341846332.390180 0.007388690 -0.083963737 0.666316926 0.060424112 0.014544033 0.019541871 0.997875512
1341846332.458114 0.010489395 -0.089781903 0.703788877 0.057611808 0.019125605 0.012372114 0.998079121
1341846332.489993 -0.009738296 -0.078681059 0.725924432 0.059047543 0.021950420 0.013608481 0.997921050
1341846332.522130 -0.028116221 -0.071976610 0.741043091 0.058475941 0.018827882 0.018745871 0.997935176
1341846332.589874 -0.003004976 -0.053900905 0.771475494 0.059242796 0.009417237 0.030409466 0.997735858
1341846332.621889 0.003270914 -0.039862543 0.790983677 0.055696644 0.009176441 0.032349501 0.997881353
1341846332.658202 0.016294613 -0.057892762 0.773243725 0.050628576 0.009086613 0.031687338 0.998173356
1341846332.758386 0.018552070 -0.047129177 0.854906380 0.048966229 0.006615397 0.037888933 0.998059571
1341846332.789937 0.042832758 -0.038659610 0.837902665 0.048460118 0.006150643 0.036778037 0.998128831
1341846332.825925 0.044586971 -0.038725354 0.859949231 0.046151113 0.008720402 0.035129432 0.998278499
1341846332.857898 0.047192089 -0.042824827 0.879309297 0.046956036 0.010025949 0.034705941 0.998243511
1341846332.894069 0.045057386 -0.017056644 0.888530672 0.047797799 0.010273810 0.034470808 0.998209178
1341846332.958015 0.067993626 -0.003406070 0.925857186 0.041918468 0.011977794 0.030740140 0.998576164
1341846332.994073 0.073820591 0.006855525 0.943405151 0.039500169 0.013031376 0.029164046 0.998708844
1341846333.026545 0.079722732 0.009073265 0.961424112 0.037071582 0.014202904 0.026176125 0.998868763
1341846333.057998 0.090573177 0.009290926 0.976630807 0.035862848 0.016170030 0.026115818 0.998884559
1341846333.094024 0.093839526 0.008821242 0.989780784 0.036159828 0.017626148 0.030004237 0.998739958
1341846333.126095 0.109291300 0.018170640 1.003482699 0.037236065 0.018465238 0.032857046 0.998595476
1341846333.195660 0.113676921 0.033909373 1.028441548 0.034044277 0.023556668 0.035688538 0.998505056
1341846333.226331 0.114443205 0.039664641 1.040228367 0.032933597 0.024641741 0.034909055 0.998543680
1341846333.262056 0.124865472 0.055541787 1.045618415 0.030680517 0.024284508 0.034171857 0.998649716
1341846333.294147 0.123658255 0.048460580 1.059774280 0.026834916 0.024311982 0.032920953 0.998801768
1341846333.326100 0.124244899 0.052746989 1.080142260 0.025546672 0.023115437 0.031453006 0.998911262
1341846333.362100 0.125435427 0.063490734 1.046779752 0.022618230 0.022191932 0.029816968 0.999053001
1341846333.394119 0.127091706 0.045054082 1.043663144 0.018337134 0.020749675 0.029421687 0.999183476
1341846333.429974 0.125924751 0.054163251 1.057832599 0.018014396 0.019416384 0.029213136 0.999222219
1341846333.462115 0.132736132 0.041309170 1.049544692 0.016875289 0.019136209 0.028228533 0.999275804
1341846333.494040 0.135677367 0.043753948 1.054402709 0.018099580 0.019899642 0.026884062 0.999276578
1341846333.529953 0.143289551 0.042840324 1.054149866 0.018787278 0.020554956 0.026749542 0.999254227
1341846333.562063 0.139029875 0.047051474 1.058971763 0.019994279 0.023272540 0.028091183 0.999134362
1341846333.594090 0.125253350 0.061522409 1.058474898 0.019501338 0.023226162 0.028815968 0.999124587
1341846333.629994 0.131339163 0.067368001 1.054436326 0.016245279 0.019998651 0.027957918 0.999276996
1341846333.662127 0.138084948 0.069457307 1.053123713 0.013512767 0.018458741 0.027048029 0.999372363
1341846333.697964 0.140507028 0.057080101 1.054576039 0.011044227 0.018250024 0.027984379 0.999380708
1341846333.730092 0.137900963 0.048587758 1.045694947 0.012846041 0.018716477 0.028875677 0.999325216
1341846333.762089 0.131858751 0.050912522 1.039672136 0.014546529 0.019980082 0.030255513 0.999236584
1341846333.798006 0.134303674 0.045109469 1.033660889 0.015708849 0.020162126 0.030356666 0.999212265
1341846333.830055 0.139898479 0.047507659 1.025163889 0.018432340 0.020688159 0.028350759 0.999213934
1341846333.866045 0.132931858 0.046963826 1.020089626 0.019489223 0.022543520 0.027256873 0.999184191
1341846333.897987 0.131670117 0.039396696 1.012943029 0.020862563 0.022477446 0.025872380 0.999194741
1341846333.930099 0.132387787 0.046404414 1.039745808 0.024128228 0.023604501 0.024412580 0.999131978
1341846333.965889 0.113053210 0.034673169 0.998654246 0.025886659 0.025574962 0.024459042 0.999038339
1341846333.997985 0.113194436 0.023406107 0.988923728 0.027696408 0.026397003 0.023716507 0.998986304
1341846334.030076 0.115048416 0.025182791 0.964196503 0.031076498 0.027738772 0.024441442 0.998833060
1341846334.133884 0.101432189 0.019006938 0.931424856 0.035807285 0.028757360 0.026078451 0.998604417
1341846334.166115 0.084580243 0.021276340 0.918039083 0.036538336 0.028482022 0.026285909 0.998580396
1341846334.198072 0.085948572 0.017337963 0.906960368 0.036610864 0.026594153 0.025691023 0.998645246
1341846334.234097 0.094402805 0.019637339 0.892772973 0.037040863 0.026347015 0.024747754 0.998659790
1341846334.266045 0.079718053 0.012832545 0.885411322 0.036745887 0.028772552 0.024788102 0.998602748
1341846334.334036 0.066255994 0.016297065 0.856384575 0.038505495 0.026062297 0.026942883 0.998555005
1341846334.365871 0.067308366 0.019702390 0.841974080 0.038198322 0.025906799 0.025259856 0.998614848
1341846334.401845 0.061161481 0.016652800 0.829537272 0.036563028 0.027076485 0.023979018 0.998676658
1341846334.433864 0.041727323 0.006792586 0.820157468 0.036295693 0.027067695 0.024374915 0.998677015
1341846334.466105 0.042615704 0.012646623 0.804598689 0.037220217 0.025145538 0.025082726 0.998675764
1341846334.540153 0.031227263 0.013567071 0.782529116 0.035532344 0.022841966 0.024925347 0.998796463
1341846334.566584 0.017867856 0.024909180 0.769528329 0.034875929 0.022466084 0.021545436 0.998906791
1341846334.602351 0.004964963 0.027756672 0.753510356 0.031359389 0.020160681 0.017756846 0.999147058
1341846334.634069 0.007279593 0.024426673 0.740129173 0.028020170 0.017565129 0.013729822 0.999358714
1341846334.702085 -0.017871058 0.012220949 0.712414682 0.024589095 0.016368728 0.010446169 0.999509037
1341846334.734751 -0.017105818 0.010728743 0.698499024 0.024571167 0.013403245 0.011886107 0.999537587
1341846334.770889 -0.023724280 0.013056252 0.694204867 0.024617771 0.011758732 0.015276381 0.999511003
1341846334.833908 -0.028020015 0.019893728 0.658523619 0.023922520 0.007371644 0.014994009 0.999574184
1341846334.869874 -0.034985673 0.023448585 0.639292002 0.022543233 0.007342882 0.014537998 0.999613166
1341846334.902006 -0.051084157 0.020365149 0.626684666 0.020864146 0.006439283 0.014842262 0.999651372
1341846334.970032 -0.046336196 0.016187774 0.596558869 0.020065535 0.001771630 0.013613649 0.999704421
1341846335.002203 -0.056679137 0.002734911 0.580394208 0.020754596 0.002436100 0.014690297 0.999673724
1341846335.037880 -0.072503939 0.008729259 0.556370676 0.023728196 0.000031546 0.017071003 0.999572694
1341846335.106038 -0.057346649 0.005282380 0.527020514 0.023731166 -0.002785129 0.015932199 0.999587536
1341846335.138045 -0.071914822 0.003220147 0.509410977 0.025440458 -0.001019519 0.014937567 0.999564171
1341846335.169900 -0.088977709 0.012032423 0.487628877 0.026268726 -0.002716108 0.014575621 0.999544978
1341846335.239365 -0.072127335 0.001446495 0.454969883 0.024548575 -0.004902201 0.010634146 0.999630034
1341846335.269948 -0.083885759 -0.003848504 0.436046332 0.025990257 -0.002960176 0.009033700 0.999616981
1341846335.305972 -0.096460328 -0.005738266 0.418987602 0.027863251 -0.003936206 0.009457214 0.999559224
1341846335.338012 -0.090388596 -0.008538418 0.403249323 0.029159721 -0.005904913 0.011080768 0.999495864
1341846335.374005 -0.076667204 -0.031169306 0.389715523 0.032148104 -0.004970072 0.012130295 0.999397159
1341846335.406025 -0.087632380 -0.035757028 0.373068303 0.038450785 -0.002305420 0.014493722 0.999152720
1341846335.438079 -0.086838365 -0.017965769 0.357768238 0.044831570 -0.001404008 0.017673725 0.998837233
1341846335.538040 -0.098126225 0.011350160 0.303973913 0.048259716 0.005276802 0.015372401 0.998702586
1341846335.574119 -0.105967022 0.017426074 0.294984639 0.046063419 0.005810550 0.015222302 0.998805642
1341846335.641978 -0.098492526 0.003800463 0.264831245 0.045045428 0.005632206 0.012335416 0.998892903
1341846335.673993 -0.110272139 0.012216596 0.248224214 0.045139257 0.006867526 0.011828716 0.998887062
1341846335.706178 -0.116869047 0.008462068 0.230330050 0.044348899 0.005616070 0.012627359 0.998920500
1341846335.773960 -0.115529411 0.014278635 0.192854568 0.045037650 0.005719690 0.011494905 0.998902798
1341846335.806271 -0.117415011 0.023661729 0.169345751 0.043337230 0.005089281 0.011782925 0.998978078
1341846335.873966 -0.119146608 0.011381522 0.143835768 0.041654855 0.007316690 0.011268090 0.999041736
1341846335.910005 -0.133801207 0.019019846 0.126244590 0.041432388 0.007985762 0.012635118 0.999029517
1341846335.974198 -0.138338864 0.018869003 0.093171053 0.040187243 0.005041023 0.011921595 0.999108374
1341846336.010032 -0.145631075 0.021557134 0.071682423 0.040051807 0.005418031 0.010128273 0.999131560
1341846336.042129 -0.157821387 0.023202715 0.054924052 0.039234076 0.004535138 0.010383976 0.999165833
1341846336.110739 -0.160254359 0.020163396 0.025366770 0.039472863 0.002264374 0.008381514 0.999182940
1341846336.142002 -0.174932793 0.021531589 0.010886695 0.039366774 0.002829288 0.009107476 0.999179304
1341846336.210112 -0.187908232 0.031017931 -0.021940727 0.037787061 -0.001425713 0.010539635 0.999229252
1341846336.241891 -0.186804235 0.027693952 -0.028793558 0.037040845 -0.000722885 0.010033832 0.999263167
1341846336.277946 -0.198385537 0.018811068 -0.036624547 0.037216399 0.000115425 0.011212158 0.999244332
1341846336.377975 -0.207772940 0.023277231 -0.079917140 0.042533290 -0.003507719 0.015064000 0.998975337
1341846336.410032 -0.210310131 0.026192110 -0.101243615 0.043408461 -0.002694472 0.015230658 0.998937666
1341846336.477990 -0.213330224 0.029108457 -0.118543915 0.041898634 -0.003394920 0.014835518 0.999005914
1341846336.510056 -0.217694312 0.025009111 -0.131406173 0.042081255 -0.002569180 0.015197600 0.998995304
1341846336.546024 -0.221126929 0.024173193 -0.139834896 0.043068029 -0.002460461 0.016623797 0.998930812
1341846336.578003 -0.226217553 0.039339274 -0.157275200 0.043334905 -0.002773407 0.018668812 0.998882353
1341846336.645982 -0.227721617 0.048450015 -0.171951577 0.041845087 -0.000964968 0.017574864 0.998969078
1341846336.678036 -0.247773051 0.044964708 -0.178293481 0.039951388 -0.001861703 0.017383948 0.999048650
1341846336.714024 -0.245591819 0.027550861 -0.180710509 0.040664680 -0.004515145 0.017265800 0.999013484
1341846336.746016 -0.257888973 0.020862941 -0.187278479 0.044309534 -0.006135879 0.018614713 0.998825610
1341846336.778014 -0.270235509 0.033142455 -0.201671615 0.047544021 -0.009645084 0.021858467 0.998583376
1341846336.820006 -0.266422033 0.041651484 -0.226196289 0.048170410 -0.013667423 0.024580661 0.998443127
1341846336.845952 -0.261083305 0.035942741 -0.211724713 0.048806705 -0.015394632 0.023547694 0.998411953
1341846336.914273 -0.297958791 0.013867879 -0.237802073 0.052406564 -0.019146034 0.024719991 0.998136222
1341846336.945998 -0.293386817 0.011456460 -0.253366262 0.058658846 -0.025771406 0.026538651 0.997592449
1341846336.981980 -0.291456848 0.049528334 -0.270018339 0.063003242 -0.029782329 0.024917791 0.997257590
1341846337.014238 -0.292381763 0.065576911 -0.274042159 0.060528658 -0.032735605 0.023370907 0.997355759
1341846337.046017 -0.287382603 0.054181419 -0.270254880 0.057628803 -0.034136392 0.018908698 0.997575104
1341846337.082104 -0.284699470 0.055734895 -0.280989707 0.057066318 -0.034416936 0.015207825 0.997661054
1341846337.282028 -0.320609242 0.046083912 -0.314578921 0.048955951 -0.041274861 0.012635384 0.997867763
1341846337.350018 -0.296490073 0.069613636 -0.311792076 0.047895309 -0.043089025 0.013132242 0.997836113
1341846337.382159 -0.288408279 0.058975674 -0.314815968 0.044697177 -0.043080870 0.011320902 0.998007059
1341846337.417941 -0.298674911 0.045445353 -0.321539432 0.045054384 -0.041995507 0.011261061 0.998037934
1341846337.450137 -0.307497948 0.062267564 -0.334009409 0.046221044 -0.043534029 0.012169916 0.997907996
1341846337.482096 -0.298317254 0.053920496 -0.333197773 0.044309281 -0.044281855 0.013302881 0.997947335
1341846337.518008 -0.304021150 0.040259019 -0.334645361 0.044769756 -0.044392109 0.013500329 0.997919202
1341846337.549978 -0.306127846 0.067710966 -0.339531720 0.046118163 -0.045074634 0.011656061 0.997850478
1341846337.617903 -0.300858587 0.031470925 -0.334740192 0.043173369 -0.046128243 0.010910789 0.997942507
1341846337.650141 -0.296660841 0.058080785 -0.334777713 0.046734817 -0.046695191 0.010439921 0.997760713
1341846337.686352 -0.294964582 0.067144543 -0.331572175 0.045224264 -0.046507020 0.010853549 0.997834682
1341846337.718002 -0.292500973 0.060859375 -0.322937131 0.043205101 -0.046238855 0.011097509 0.997933924
1341846337.749920 -0.279859066 0.067682721 -0.312075675 0.043228138 -0.044912811 0.010616978 0.997998774
1341846337.786157 -0.285778761 0.084885702 -0.314539731 0.040688947 -0.041745376 0.010544158 0.998243749
1341846337.817945 -0.278980613 0.065808348 -0.294931322 0.037614696 -0.039996162 0.012208971 0.998416901
1341846337.854071 -0.266599745 0.082543626 -0.298717290 0.036961958 -0.037202623 0.012006002 0.998551786
1341846337.885951 -0.274576366 0.091690481 -0.298751205 0.034108054 -0.034440950 0.010154871 0.998772919
1341846337.918223 -0.271095544 0.094713412 -0.292334467 0.029971138 -0.033149708 0.007409954 0.998973429
1341846337.954120 -0.280709624 0.084198162 -0.290926695 0.027276104 -0.031322148 0.006689149 0.999114752
1341846337.985994 -0.271631867 0.105164863 -0.280005813 0.025340587 -0.030973930 0.007347886 0.999171913
1341846338.018107 -0.262299269 0.095804557 -0.263476878 0.021571701 -0.029475572 0.008314942 0.999298096
1341846338.154089 -0.259928405 0.097891510 -0.224213436 0.013202222 -0.022050742 0.011914448 0.999598682
1341846338.186029 -0.250247151 0.102238379 -0.209319055 0.012216622 -0.022849416 0.014748862 0.999555469
1341846338.254107 -0.237180218 0.103386827 -0.184507608 0.009177223 -0.020118957 0.014765320 0.999646425
1341846338.290130 -0.236283809 0.097915567 -0.169980690 0.009425091 -0.020131007 0.016172962 0.999622107
1341846338.321952 -0.232167333 0.110778622 -0.153581932 0.010109624 -0.019562207 0.018410925 0.999588013
1341846338.354022 -0.227029875 0.106728904 -0.141110137 0.009227177 -0.019049833 0.018781068 0.999599516
1341846338.389969 -0.226929426 0.117759250 -0.127624795 0.009288521 -0.018148357 0.019170463 0.999608338
1341846338.422377 -0.226409137 0.116509795 -0.112221122 0.007373720 -0.017753279 0.019326700 0.999628365
1341846338.454010 -0.232353196 0.120766170 -0.100644358 0.006645091 -0.017864760 0.017906930 0.999657989
1341846338.489894 -0.220221296 0.119038902 -0.078312106 0.004880572 -0.018710377 0.018515775 0.999641538
1341846338.522066 -0.219127059 0.112281643 -0.059798170 0.005338911 -0.018717941 0.018522389 0.999638975
1341846338.589842 -0.212554738 0.124176860 -0.035051797 0.003063998 -0.019078394 0.017306989 0.999663472
1341846338.622019 -0.202696040 0.115001626 -0.013027478 0.003379296 -0.018451059 0.018465469 0.999653518
1341846338.657984 -0.202447921 0.129194736 -0.007682635 0.004345153 -0.018319255 0.020273397 0.999617159
1341846338.690198 -0.198307291 0.135133684 0.005973266 0.002523246 -0.019475937 0.020229168 0.999602497
1341846338.722454 -0.187581509 0.123481326 0.026925806 0.001235363 -0.018751564 0.020276984 0.999617815
1341846338.757945 -0.194838092 0.140139088 0.040301930 0.002360424 -0.018007347 0.021256555 0.999609053
1341846338.790039 -0.196776509 0.138281375 0.060743600 0.000142187 -0.020237474 0.022466226 0.999542773
1341846338.826048 -0.169960856 0.130128339 0.078297466 -0.000126970 -0.020670632 0.021551473 0.999553978
1341846338.858027 -0.176884010 0.142348677 0.086186782 0.000566107 -0.018505769 0.020121723 0.999626100
1341846338.925948 -0.164980054 0.138772696 0.110134013 -0.003084725 -0.019273145 0.018399833 0.999640167
1341846338.958108 -0.161210820 0.140513390 0.139006630 -0.002488410 -0.017213393 0.017195383 0.999700844
1341846338.990057 -0.160966992 0.138549209 0.155371398 -0.002249714 -0.017004762 0.017555866 0.999698699
1341846339.025928 -0.144560441 0.131117061 0.181500271 -0.000684928 -0.017032474 0.018738238 0.999679089
1341846339.057939 -0.143356457 0.142568573 0.194949970 0.002829469 -0.014399853 0.018444763 0.999722183
1341846339.093927 -0.157447591 0.158224434 0.201478571 0.002352939 -0.013812788 0.018789152 0.999725282
1341846339.126562 -0.138988480 0.163948134 0.218822658 -0.000710072 -0.016047148 0.018417416 0.999701321
1341846339.157969 -0.122167006 0.163319185 0.252225399 -0.003196154 -0.014135274 0.016762163 0.999754488
1341846339.194113 -0.136592180 0.171653390 0.258453369 -0.004661170 -0.011926669 0.016605958 0.999780118
1341846339.228165 -0.129255429 0.180607706 0.272388250 -0.007878475 -0.014448156 0.019067865 0.999682724
1341846339.257998 -0.107688561 0.171441182 0.293404639 -0.011076494 -0.015037544 0.020742558 0.999610364
1341846339.294132 -0.110093646 0.179631412 0.309078664 -0.010711697 -0.012027384 0.021059312 0.999648511
1341846339.326577 -0.123845391 0.201265022 0.311371326 -0.013196371 -0.012676710 0.022938751 0.999569416
1341846339.362269 -0.099065751 0.193378836 0.338238686 -0.018182456 -0.016467905 0.022425871 0.999447465
1341846339.394725 -0.092501014 0.193804085 0.350967526 -0.018971387 -0.014730246 0.021726783 0.999475360
1341846339.426160 -0.095999576 0.201497346 0.360894740 -0.020458641 -0.014547042 0.022266639 0.999436855
1341846339.462186 -0.081481263 0.195808530 0.376979411 -0.022537814 -0.016149599 0.022102594 0.999371171
1341846339.496743 -0.055876508 0.182446465 0.400171191 -0.020751407 -0.013928611 0.020441696 0.999478638
1341846339.530143 -0.063399658 0.200724885 0.414549261 -0.018493999 -0.009343992 0.019957889 0.999586105
1341846339.562052 -0.069716282 0.185535505 0.431015313 -0.018785520 -0.008959145 0.020697072 0.999569118
1341846339.595122 -0.045527656 0.187616736 0.445635080 -0.016885368 -0.010043580 0.021277793 0.999580562
1341846339.632085 -0.039986193 0.189692393 0.463737935 -0.015254049 -0.006621940 0.019757576 0.999666512
1341846339.664568 -0.036213025 0.189319223 0.481019169 -0.014966467 -0.003611104 0.016905792 0.999738574
1341846339.698896 -0.034390505 0.185663581 0.495622337 -0.015187943 -0.002324712 0.016333207 0.999748528
1341846339.731977 -0.024633363 0.183960244 0.506513059 -0.015095753 -0.002559022 0.014925361 0.999771357
1341846339.762241 -0.018615838 0.179178789 0.522722602 -0.015014409 -0.001377364 0.014431630 0.999782205
1341846339.797873 -0.015256509 0.180775896 0.535450935 -0.014768226 -0.000856947 0.015529673 0.999769986
1341846339.830245 -0.009107720 0.178319633 0.547938347 -0.015164882 -0.001536529 0.016021555 0.999755442
1341846339.862015 -0.003004930 0.179784730 0.553552508 -0.015593184 -0.001662060 0.016265329 0.999744713
1341846339.897797 0.008138211 0.179454118 0.573786974 -0.016439503 -0.000965865 0.015333538 0.999746799
1341846339.929916 0.010194184 0.170583382 0.589153290 -0.017239813 0.000297264 0.016546324 0.999714434
1341846339.961960 0.011041900 0.166779712 0.605196536 -0.016025636 -0.000350288 0.017730325 0.999714315
1341846339.997845 0.022861041 0.171420455 0.613313198 -0.014144494 0.000163178 0.017844003 0.999740720
1341846340.029925 0.029722009 0.168235019 0.626367271 -0.013543217 0.002329941 0.019021321 0.999724627
1341846340.066044 0.033930197 0.164375037 0.641000271 -0.011669102 0.003382406 0.020732863 0.999711215
1341846340.130102 0.037273332 0.172317445 0.661453784 -0.011088487 0.004048423 0.020972902 0.999710381
1341846340.166041 0.052691936 0.161270022 0.670260847 -0.010775887 0.005432987 0.019124445 0.999744296
1341846340.197867 0.047509726 0.166742146 0.683947623 -0.009211494 0.008454658 0.018690046 0.999747157
1341846340.229904 0.047681030 0.173469171 0.693913460 -0.010015572 0.008501207 0.018420490 0.999743998
1341846340.298061 0.063581608 0.165822089 0.720978260 -0.008893343 0.011136373 0.018276880 0.999731421
1341846340.334063 0.055710912 0.178163275 0.730398655 -0.009029571 0.010950699 0.019541271 0.999708295
1341846340.366064 0.068539128 0.168894663 0.744151890 -0.011076556 0.008293577 0.019686095 0.999710441
1341846340.397995 0.075904109 0.164510846 0.749692857 -0.009562624 0.008513124 0.019276321 0.999732196
1341846340.433895 0.074369371 0.168724954 0.757520318 -0.008613727 0.008703383 0.020015234 0.999724686
1341846340.465959 0.071966417 0.165494412 0.760075271 -0.008198520 0.006652917 0.021352855 0.999716222
1341846340.501858 0.083447158 0.165670455 0.760346293 -0.007365469 0.002481748 0.021652179 0.999735355
1341846340.534329 0.092818983 0.168726459 0.763554215 -0.006692141 0.000774669 0.021349082 0.999749362
1341846340.566041 0.098162070 0.160638601 0.767208755 -0.005946922 -0.000167857 0.021932697 0.999741733
1341846340.601909 0.109195516 0.159859538 0.758723676 -0.003534064 -0.001389336 0.022798739 0.999732852
1341846340.634005 0.112138517 0.168206558 0.751215935 -0.002197687 -0.001734375 0.021410082 0.999766827
1341846340.666028 0.122524321 0.161703423 0.750459373 -0.002871823 -0.001996555 0.019725543 0.999799311
1341846340.701946 0.131261587 0.157931492 0.750089705 -0.001128391 -0.001070825 0.017729690 0.999841630
1341846340.733954 0.133460626 0.163729995 0.740192056 0.000167948 0.000729216 0.015840730 0.999874234
1341846340.770081 0.133153751 0.167097732 0.741925776 -0.000336735 0.001404397 0.013495958 0.999907851
1341846340.801980 0.140945449 0.160847038 0.736057401 -0.000843224 0.002017880 0.008525772 0.999961257
1341846340.833999 0.141122565 0.169498935 0.735410750 -0.000505225 0.004428624 0.004112410 0.999981582
1341846340.870013 0.134871185 0.167023018 0.737771094 -0.001868884 0.004810637 0.002221711 0.999984205
1341846340.901955 0.138604596 0.160989985 0.734689832 -0.001320500 0.004299773 0.001900036 0.999988079
1341846340.933918 0.136254668 0.162767515 0.734486938 0.000706033 0.003958761 0.004083258 0.999983609
1341846340.970122 0.130222812 0.165243506 0.729624093 0.002206952 0.001505450 0.008346041 0.999961615
1341846341.001922 0.130519509 0.159490436 0.722568572 0.003101334 -0.002729957 0.013769165 0.999896646
1341846341.037923 0.136338249 0.162058011 0.716093957 0.004576419 -0.005622187 0.016711472 0.999834061
1341846341.070300 0.136704236 0.158856705 0.711482048 0.004704023 -0.006361756 0.016659012 0.999829948
1341846341.102028 0.131532684 0.161361158 0.707030356 0.004933822 -0.007380435 0.016908027 0.999817610
1341846341.137982 0.132595405 0.160460040 0.701785922 0.004991745 -0.009334762 0.016880779 0.999801457
1341846341.170048 0.140212238 0.155482277 0.699620903 0.005110647 -0.010331533 0.018059365 0.999770463
1341846341.202110 0.137128755 0.151379332 0.694692492 0.006366612 -0.010457010 0.019883770 0.999727309
1341846341.237996 0.141427785 0.151015520 0.689795911 0.008047726 -0.010574995 0.020861179 0.999694049
1341846341.269883 0.137579218 0.152316660 0.689164996 0.009271619 -0.009723225 0.021193633 0.999685109
1341846341.338109 0.139907792 0.149679124 0.679640174 0.010451034 -0.010015438 0.018540924 0.999723315
1341846341.370120 0.139617696 0.152020231 0.678645492 0.011247592 -0.008782387 0.015793305 0.999773443
1341846341.406074 0.131324053 0.151275977 0.679597318 0.011316687 -0.007801366 0.014611538 0.999798775
1341846341.438113 0.128251016 0.139871836 0.683255792 0.011879287 -0.009463709 0.014720778 0.999776244
1341846341.470024 0.138081267 0.141926870 0.673178136 0.014651355 -0.010431754 0.014006037 0.999740124
1341846341.506077 0.129347876 0.152886093 0.671494842 0.015177191 -0.008858218 0.012439888 0.999768198
1341846341.538156 0.121324472 0.148589879 0.676196098 0.014146810 -0.010167124 0.012256720 0.999773085
1341846341.574016 0.125550896 0.147199556 0.670863807 0.014957204 -0.012675999 0.013454777 0.999717236
1341846341.612466 0.123600565 0.152788669 0.663662016 0.015719473 -0.013290077 0.014279128 0.999686122
1341846341.643972 0.119776562 0.156267315 0.667046845 0.015091778 -0.014435311 0.013078262 0.999696374
1341846341.679982 0.116790555 0.149270445 0.662583590 0.014448312 -0.015649587 0.013152380 0.999686599
1341846341.712332 0.111028589 0.151492238 0.659706593 0.015352503 -0.017466234 0.015756160 0.999605417
1341846341.744185 0.115206964 0.150432885 0.657932103 0.015657587 -0.019835485 0.018026683 0.999518096
1341846341.780061 0.112477683 0.153105766 0.654004693 0.016256135 -0.020145148 0.019391090 0.999476790
1341846341.812163 0.115346521 0.145206004 0.648604155 0.015945239 -0.021180343 0.021252496 0.999422550
1341846341.842595 0.123414196 0.138671935 0.646535575 0.017675556 -0.021766838 0.024227988 0.999313176
1341846341.875779 0.119632490 0.140558526 0.643618226 0.019566443 -0.021840731 0.027493866 0.999191761
1341846341.906227 0.122863673 0.132055610 0.639092803 0.020784387 -0.022419032 0.029323565 0.999102354
1341846341.942069 0.126159742 0.120000236 0.633365452 0.023326952 -0.022669669 0.031111857 0.998986483
1341846341.974775 0.125814915 0.123471148 0.632144451 0.026995974 -0.022747094 0.032626793 0.998843968
1341846342.010161 0.119416237 0.125701621 0.624576747 0.027852975 -0.023575557 0.034428749 0.998740733
1341846342.042024 0.135459334 0.110983014 0.627404749 0.028671794 -0.025394686 0.034948356 0.998654902
1341846342.080032 0.138764918 0.120097764 0.621699691 0.031306010 -0.023296561 0.035258688 0.998616040
1341846342.112265 0.130496770 0.112884551 0.615673125 0.031170052 -0.022034632 0.036869660 0.998590767
1341846342.147954 0.131529227 0.100818150 0.621726394 0.032916281 -0.023417613 0.039076310 0.998419344
1341846342.179852 0.139417008 0.106376760 0.615251720 0.036084637 -0.023363283 0.040663429 0.998247743
1341846342.211848 0.139667839 0.108301803 0.614110827 0.036796711 -0.022705143 0.040987093 0.998223722
1341846342.247920 0.136003792 0.102509126 0.621578455 0.037736464 -0.022282537 0.039171666 0.998270988
1341846342.279870 0.139652550 0.100649767 0.611841500 0.039061163 -0.021945208 0.039706588 0.998206377
1341846342.316068 0.137854725 0.101243019 0.611730635 0.040464576 -0.021573223 0.040631928 0.998121381
1341846342.347894 0.141431272 0.106018528 0.611739218 0.041130487 -0.021896631 0.040543031 0.998090744
1341846342.379953 0.143997550 0.103082076 0.607760608 0.041014615 -0.021352807 0.040596180 0.998105109
1341846342.416195 0.141120836 0.103824750 0.609510481 0.041645769 -0.021146385 0.042109523 0.998020649
1341846342.447907 0.139266327 0.106054619 0.606321037 0.041958414 -0.021745762 0.042826179 0.997964203
