1341846324.083904 0.000986337 -0.016435055 0.003016151 0.009229443 -0.007724848 -0.020234259 0.999713182
1341846324.881924 -0.000544581 0.005421110 0.000298857 -0.042691581 -0.022551112 -0.027625190 0.998451650
1341846325.387302 -0.000496225 0.015671624 0.000514011 -0.048566867 -0.028209135 -0.001576436 0.998420238
1341846326.089984 -0.001529589 0.030640299 0.000130594 0.013338041 0.012478976 0.040755969 0.999002159
1341846326.591828 -0.001945155 0.044011213 0.001150574 -0.001244685 0.025116431 0.054840952 0.998178363
1341846327.063945 0.006233098 0.068003997 -0.003713820 -0.018687751 0.026180543 0.084612139 0.995894611
1341846327.561895 0.014577514 0.084431976 -0.008199858 -0.039419532 0.033896349 0.082070842 0.995269597
1341846328.166023 0.012946528 0.096287169 -0.011870662 -0.088488169 0.015651172 0.089854449 0.991892636
1341846328.672663 0.012941125 0.092399694 -0.007072909 0.003521427 0.000715968 0.072321586 0.997374892
1341846329.072238 0.013193561 0.091016382 -0.006480499 0.058323193 -0.015986029 0.067981496 0.995852113
1341846329.574086 0.012368466 0.081023626 -0.008083008 0.077746645 -0.027166598 0.076433502 0.993667603
1341846330.115886 0.013850010 0.079933837 -0.010791207 0.090833768 -0.028112436 0.096998513 0.990732133
1341846330.619992 0.011301363 0.081417814 -0.010346764 0.068445288 -0.038255509 0.099164970 0.991976857
1341846331.114334 0.005791039 0.077266172 -0.013506932 0.041241039 -0.067637354 0.104263559 0.991389692
1341846331.617931 0.006123050 0.077261306 -0.010802578 0.062953994 -0.026395146 0.096196033 0.993018866
1341846332.122051 0.008751152 0.077637672 0.002107267 0.085585281 -0.000052536 0.099460237 0.991354048
1341846332.558114 0.009863412 0.076996230 0.014786094 0.080181561 -0.004324134 0.098270454 0.991914868
1341846333.057998 0.015314488 0.078936212 0.022530975 0.050920427 -0.006435603 0.097284108 0.993932307
1341846333.697964 0.017835632 0.078604244 0.026083436 0.018074960 -0.008324909 0.099307381 0.994857788
1341846334.334036 0.016221659 0.077503309 0.017013460 0.046325471 -0.001110469 0.101241276 0.993782103
1341846334.938010 0.006362807 0.077060558 0.004204988 0.031475604 -0.012759788 0.087220579 0.995609879
1341846335.473998 0.004678522 0.075423345 -0.007435193 0.058059737 -0.012654905 0.090826713 0.994092226
1341846336.010032 0.002592631 0.078470305 -0.019659866 0.054030426 -0.009078343 0.083356477 0.995012522
1341846336.546024 0.003890673 0.080133915 -0.026265282 0.060415696 -0.025003303 0.091472574 0.993658662
1341846337.150037 0.006559812 0.081663243 -0.029431310 0.070992410 -0.072976030 0.099060953 0.989859343
1341846337.749920 0.006545383 0.081761040 -0.029763827 0.061017893 -0.079494730 0.095556922 0.990366757
1341846338.422377 0.006522803 0.081513181 -0.029644068 0.018918881 -0.051755834 0.101855703 0.993271768
1341846339.093927 0.005931702 0.078795314 -0.028885718 0.000432737 -0.037342925 0.084305689 0.995739877
1341846339.762241 0.004572936 0.077829666 -0.027478456 -0.020964717 -0.011883387 0.073372304 0.997013390
1341846340.433895 0.011102738 0.080889843 0.001302726 -0.007916518 -0.006097236 0.078667946 0.996850789
1341846341.102028 0.008342973 0.076634891 -0.000838211 -0.002843332 -0.005383409 0.071620710 0.997413397
1341846341.812163 0.009125379 0.078008205 -0.001115538 0.014158668 -0.023354659 0.083393343 0.996142387
1341846342.147954 0.010367727 0.078200348 0.001044355 0.036678709 -0.026598303 0.105557412 0.993380487
1341846342.179852 0.012889449 0.079462774 0.002262759 0.041883588 -0.032180361 0.108629085 0.992678165
1341846342.211848 0.013025543 0.079894386 0.003195018 0.043421034 -0.032338507 0.111623973 0.992274582
1341846342.247920 0.013726033 0.079856031 0.003223455 0.044801541 -0.033549033 0.108300969 0.992541254
1341846342.279870 0.014692919 0.079944193 0.003632739 0.046439938 -0.035453979 0.108724423 0.992353439
1341846342.316068 0.015080657 0.080011480 0.004125616 0.047877364 -0.036334265 0.110311694 0.992078066
1341846342.347894 0.015538989 0.080152139 0.003680148 0.047725886 -0.037140340 0.110498123 0.992034793
1341846342.379953 0.015274773 0.081279859 0.004027640 0.051015455 -0.036247570 0.110623665 0.991890073
1341846342.416195 0.015440192 0.081261083 0.003962808 0.051516451 -0.036554974 0.112379335 0.991655529
1341846342.447907 0.015416771 0.081240505 0.004197257 0.051523056 -0.037402820 0.113671482 0.991476238
